50000 22.95 0.000459
51000 23.90 0.000469
52000 24.90 0.000479
53000 25.85 0.000488
54000 26.85 0.000497
55000 27.80 0.000505
56000 28.75 0.000513
57000 29.75 0.000522
58000 30.70 0.000529
59000 31.70 0.000537
60000 32.65 0.000544
61000 33.60 0.000551
62000 34.60 0.000558
63000 35.55 0.000564
64000 36.55 0.000571
65000 37.50 0.000577
66000 38.45 0.000583
67000 39.45 0.000589
68000 40.40 0.000594
69000 41.40 0.000600
70000 42.35 0.000605
71000 43.30 0.000610
72000 44.30 0.000615
73000 45.25 0.000620
74000 46.25 0.000625
75000 47.20 0.000629
76000 48.15 0.000634
77000 49.15 0.000638
78000 50.10 0.000642
79000 51.10 0.000647
80000 52.05 0.000651
81000 53.00 0.000654
82000 54.00 0.000659
83000 54.95 0.000662
84000 55.95 0.000666
85000 56.90 0.000669
86000 57.85 0.000673
87000 58.85 0.000676
88000 59.80 0.000680
89000 60.80 0.000683
90000 61.75 0.000686
91000 62.70 0.000689
92000 63.70 0.000692
93000 64.65 0.000695
94000 65.65 0.000698
95000 66.60 0.000701
96000 68.30 0.000711
97000 70.00 0.000722
98000 71.65 0.000731
99000 73.35 0.000741
100000 75.05 0.000750
101000 76.75 0.000760
102000 78.45 0.000769
103000 80.10 0.000778
104000 81.80 0.000787
105000 83.50 0.000795
106000 85.20 0.000804
107000 86.90 0.000812
108000 88.55 0.000820
109000 90.25 0.000828
110000 91.95 0.000836
111000 93.65 0.000844
112000 95.35 0.000851
113000 97.00 0.000858
114000 98.70 0.000866
115000 100.40 0.000873
116000 102.10 0.000880
117000 103.80 0.000887
118000 105.45 0.000894
119000 107.15 0.000900
120000 108.85 0.000907
121000 110.55 0.000914
122000 112.25 0.000920
123000 113.90 0.000926
124000 115.60 0.000932
125000 117.30 0.000938
126000 119.00 0.000944
127000 120.70 0.000950
128000 122.35 0.000956
129000 124.05 0.000962
130000 125.75 0.000967
131000 127.45 0.000973
132000 129.15 0.000978
133000 130.80 0.000983
134000 132.50 0.000989
135000 134.20 0.000994
136000 135.90 0.000999
137000 137.60 0.001004
138000 139.25 0.001009
139000 140.95 0.001014
140000 142.65 0.001019
141000 144.35 0.001024
142000 146.05 0.001029
143000 147.70 0.001033
144000 149.40 0.001038
145000 151.10 0.001042
146000 152.80 0.001047
147000 154.50 0.001051
148000 156.15 0.001055
149000 157.85 0.001059
150000 159.55 0.001064
151000 161.25 0.001068
152000 162.95 0.001072
153000 164.60 0.001076
154000 166.30 0.001080
155000 168.00 0.001084
156000 169.70 0.001088
157000 171.40 0.001092
158000 173.05 0.001095
159000 174.75 0.001099
160000 176.45 0.001103
161000 178.15 0.001107
162000 179.85 0.001110
163000 181.50 0.001113
164000 183.20 0.001117
165000 184.90 0.001121
166000 186.60 0.001124
167000 188.30 0.001128
168000 189.95 0.001131
169000 191.65 0.001134
170000 193.35 0.001137
171000 195.05 0.001141
172000 196.75 0.001144
173000 198.40 0.001147
174000 200.10 0.001150
175000 201.80 0.001153
176000 203.50 0.001156
177000 205.20 0.001159
178000 207.60 0.001166
179000 210.05 0.001173
180000 212.45 0.001180
181000 214.90 0.001187
182000 217.30 0.001194
183000 219.70 0.001201
184000 222.15 0.001207
185000 224.55 0.001214
186000 227.00 0.001220
187000 229.40 0.001227
188000 231.80 0.001233
189000 234.25 0.001239
190000 236.65 0.001246
191000 239.10 0.001252
192000 241.50 0.001258
193000 243.90 0.001264
194000 246.35 0.001270
195000 248.75 0.001276
196000 251.20 0.001282
197000 253.60 0.001287
198000 256.00 0.001293
199000 258.45 0.001299
200000 260.85 0.001304
201000 263.30 0.001310
202000 265.70 0.001315
203000 268.10 0.001321
204000 270.55 0.001326
205000 272.95 0.001331
206000 275.40 0.001337
207000 277.80 0.001342
208000 280.20 0.001347
209000 282.65 0.001352
210000 285.05 0.001357
211000 287.50 0.001363
212000 289.90 0.001367
213000 292.30 0.001372
214000 294.75 0.001377
215000 297.15 0.001382
216000 299.60 0.001387
217000 302.00 0.001392
218000 304.40 0.001396
219000 306.85 0.001401
220000 309.25 0.001406
221000 311.70 0.001410
222000 314.10 0.001415
223000 316.50 0.001419
224000 318.95 0.001424
225000 321.35 0.001428
226000 323.80 0.001433
227000 326.20 0.001437
228000 328.60 0.001441
229000 331.05 0.001446
230000 333.45 0.001450
231000 335.90 0.001454
232000 338.30 0.001458
233000 340.70 0.001462
234000 343.15 0.001466
235000 345.55 0.001470
236000 348.00 0.001475
237000 350.40 0.001478
238000 352.80 0.001482
239000 355.25 0.001486
240000 357.65 0.001490
241000 360.10 0.001494
242000 362.50 0.001498
243000 364.90 0.001502
244000 367.35 0.001506
245000 369.75 0.001509
246000 372.20 0.001513
247000 374.60 0.001517
248000 377.00 0.001520
249000 379.45 0.001524
250000 381.85 0.001527
251000 384.30 0.001531
252000 386.70 0.001535
253000 389.10 0.001538
254000 391.55 0.001542
255000 393.95 0.001545
256000 396.40 0.001548
257000 398.80 0.001552
258000 401.20 0.001555
259000 403.65 0.001558
260000 406.05 0.001562
261000 408.50 0.001565
262000 410.90 0.001568
263000 413.30 0.001571
264000 415.75 0.001575
265000 418.15 0.001578
266000 420.60 0.001581
267000 423.00 0.001584
268000 425.40 0.001587
269000 427.85 0.001591
270000 430.25 0.001594
271000 432.70 0.001597
272000 435.10 0.001600
273000 437.50 0.001603
274000 439.95 0.001606
275000 442.35 0.001609
276000 444.80 0.001612
277000 447.20 0.001614
278000 449.60 0.001617
279000 452.05 0.001620
280000 454.45 0.001623
281000 456.90 0.001626
282000 459.30 0.001629
283000 461.70 0.001631
284000 464.15 0.001634
285000 466.55 0.001637
286000 469.00 0.001640
287000 471.40 0.001643
288000 473.80 0.001645
289000 476.25 0.001648
290000 478.65 0.001651
291000 481.10 0.001653
292000 483.50 0.001656
293000 485.90 0.001658
294000 488.35 0.001661
295000 490.75 0.001664
296000 493.20 0.001666
297000 495.60 0.001669
298000 498.00 0.001671
299000 500.45 0.001674
300000 502.85 0.001676
301000 505.30 0.001679
302000 507.70 0.001681
303000 510.10 0.001683
304000 512.55 0.001686
305000 514.95 0.001688
306000 517.40 0.001691
307000 519.80 0.001693
308000 522.20 0.001695
309000 524.65 0.001698
310000 527.05 0.001700
311000 529.50 0.001703
312000 531.90 0.001705
313000 534.30 0.001707
314000 536.75 0.001709
315000 539.15 0.001712
316000 541.60 0.001714
317000 544.00 0.001716
318000 546.40 0.001718
319000 548.85 0.001721
320000 551.25 0.001723
321000 553.70 0.001725
322000 556.10 0.001727
323000 558.50 0.001729
324000 560.95 0.001731
325000 563.35 0.001733
326000 565.80 0.001736
327000 568.20 0.001738
328000 570.60 0.001740
329000 573.05 0.001742
330000 575.45 0.001744
331000 577.90 0.001746
332000 580.30 0.001748
333000 582.70 0.001750
334000 585.15 0.001752
335000 587.55 0.001754
336000 590.00 0.001756
337000 592.40 0.001758
338000 594.80 0.001760
339000 597.25 0.001762
340000 599.65 0.001764
341000 602.10 0.001766
342000 604.50 0.001768
343000 606.90 0.001769
344000 609.35 0.001771
345000 611.75 0.001773
346000 614.20 0.001775
347000 616.60 0.001777
348000 619.00 0.001779
349000 621.45 0.001781
350000 623.85 0.001782
351000 626.30 0.001784
352000 628.70 0.001786
353000 631.10 0.001788
354000 633.55 0.001790
355000 635.95 0.001791
356000 639.10 0.001795
357000 642.25 0.001799
358000 645.40 0.001803
359000 648.55 0.001807
360000 651.70 0.001810
361000 654.85 0.001814
362000 658.00 0.001818
363000 661.15 0.001821
364000 664.30 0.001825
365000 667.45 0.001829
366000 670.60 0.001832
367000 673.75 0.001836
368000 676.90 0.001839
369000 680.05 0.001843
370000 683.20 0.001846
371000 686.35 0.001850
372000 689.50 0.001853
373000 692.65 0.001857
374000 695.80 0.001860
375000 698.95 0.001864
376000 702.10 0.001867
377000 705.25 0.001871
378000 708.40 0.001874
379000 711.55 0.001877
380000 714.70 0.001881
381000 717.85 0.001884
382000 721.00 0.001887
383000 724.15 0.001891
384000 727.30 0.001894
385000 730.45 0.001897
386000 733.60 0.001901
387000 736.75 0.001904
388000 739.90 0.001907
389000 743.05 0.001910
390000 746.20 0.001913
391000 749.35 0.001916
392000 752.50 0.001920
393000 755.65 0.001923
394000 758.80 0.001926
395000 761.95 0.001929
396000 765.10 0.001932
397000 768.25 0.001935
398000 771.40 0.001938
399000 774.55 0.001941
400000 777.70 0.001944
401000 780.85 0.001947
402000 784.00 0.001950
403000 787.15 0.001953
404000 790.30 0.001956
405000 793.45 0.001959
406000 796.60 0.001962
407000 799.75 0.001965
408000 802.90 0.001968
409000 806.05 0.001971
410000 809.20 0.001974
411000 812.35 0.001977
412000 815.50 0.001979
413000 818.65 0.001982
414000 821.80 0.001985
415000 824.95 0.001988
416000 828.10 0.001991
417000 831.25 0.001993
418000 834.40 0.001996
419000 837.55 0.001999
420000 840.70 0.002002
421000 843.85 0.002004
422000 847.00 0.002007
423000 850.15 0.002010
424000 853.30 0.002012
425000 856.45 0.002015
426000 859.60 0.002018
427000 862.75 0.002020
428000 865.90 0.002023
429000 869.05 0.002026
430000 872.20 0.002028
431000 875.35 0.002031
432000 878.50 0.002034
433000 881.65 0.002036
434000 884.80 0.002039
435000 887.95 0.002041
436000 891.10 0.002044
437000 894.25 0.002046
438000 897.40 0.002049
439000 900.55 0.002051
440000 903.70 0.002054
441000 906.85 0.002056
442000 910.00 0.002059
443000 913.15 0.002061
444000 916.30 0.002064
445000 919.45 0.002066
446000 922.60 0.002069
447000 925.75 0.002071
448000 928.90 0.002073
449000 932.05 0.002076
450000 935.20 0.002078
451000 938.35 0.002081
452000 941.50 0.002083
453000 944.65 0.002085
454000 947.80 0.002088
455000 950.95 0.002090
456000 954.10 0.002092
457000 957.25 0.002095
458000 960.40 0.002097
459000 963.55 0.002099
460000 966.70 0.002102
461000 969.85 0.002104
462000 973.00 0.002106
463000 976.15 0.002108
464000 979.30 0.002111
465000 982.45 0.002113
466000 985.60 0.002115
467000 988.75 0.002117
468000 991.90 0.002119
469000 995.05 0.002122
470000 998.20 0.002124
471000 1001.35 0.002126
472000 1004.50 0.002128
473000 1007.65 0.002130
474000 1010.80 0.002132
475000 1013.95 0.002135
476000 1017.10 0.002137
477000 1020.25 0.002139
478000 1023.40 0.002141
479000 1026.55 0.002143
480000 1029.70 0.002145
481000 1032.85 0.002147
482000 1036.00 0.002149
483000 1039.15 0.002151
484000 1042.30 0.002154
485000 1045.45 0.002156
486000 1048.60 0.002158
487000 1051.75 0.002160
488000 1054.90 0.002162
489000 1058.05 0.002164
490000 1061.20 0.002166
491000 1064.35 0.002168
492000 1067.50 0.002170
493000 1070.65 0.002172
494000 1073.80 0.002174
495000 1076.95 0.002176
496000 1080.10 0.002178
497000 1083.25 0.002180
498000 1086.40 0.002182
499000 1089.55 0.002183
500000 1092.70 0.002185
501000 1095.85 0.002187
502000 1099.00 0.002189
503000 1102.15 0.002191
504000 1105.30 0.002193
505000 1108.45 0.002195
506000 1111.60 0.002197
507000 1114.75 0.002199
508000 1117.90 0.002201
509000 1121.05 0.002202
510000 1124.20 0.002204
511000 1127.35 0.002206
512000 1130.50 0.002208
513000 1133.65 0.002210
514000 1136.80 0.002212
515000 1139.95 0.002213
516000 1143.10 0.002215
517000 1146.25 0.002217
518000 1149.40 0.002219
519000 1152.55 0.002221
520000 1155.70 0.002223
521000 1158.85 0.002224
522000 1162.00 0.002226
523000 1165.15 0.002228
524000 1168.30 0.002230
525000 1171.45 0.002231
526000 1174.60 0.002233
527000 1177.75 0.002235
528000 1180.90 0.002237
529000 1184.05 0.002238
530000 1187.20 0.002240
531000 1190.35 0.002242
532000 1193.50 0.002243
533000 1196.65 0.002245
534000 1199.80 0.002247
535000 1202.95 0.002249
536000 1206.10 0.002250
537000 1209.25 0.002252
538000 1212.40 0.002254
539000 1215.55 0.002255
540000 1218.70 0.002257
541000 1221.85 0.002259
542000 1225.00 0.002260
543000 1228.15 0.002262
544000 1231.30 0.002263
545000 1234.45 0.002265
546000 1237.60 0.002267
547000 1240.75 0.002268
548000 1243.90 0.002270
549000 1247.05 0.002271
550000 1250.20 0.002273
551000 1253.35 0.002275
552000 1256.50 0.002276
553000 1259.65 0.002278
554000 1262.80 0.002279
555000 1265.95 0.002281
556000 1269.10 0.002283
557000 1272.25 0.002284
558000 1275.40 0.002286
559000 1278.55 0.002287
560000 1281.70 0.002289
561000 1284.85 0.002290
562000 1288.00 0.002292
563000 1291.15 0.002293
564000 1294.30 0.002295
565000 1297.45 0.002296
566000 1300.60 0.002298
567000 1303.75 0.002299
568000 1306.90 0.002301
569000 1310.05 0.002302
570000 1313.20 0.002304
571000 1316.35 0.002305
572000 1319.50 0.002307
573000 1322.65 0.002308
574000 1325.80 0.002310
575000 1328.95 0.002311
576000 1332.10 0.002313
577000 1335.25 0.002314
578000 1338.40 0.002316
579000 1341.55 0.002317
580000 1344.70 0.002318
581000 1347.85 0.002320
582000 1351.00 0.002321
583000 1354.15 0.002323
584000 1357.30 0.002324
585000 1360.45 0.002326
586000 1363.60 0.002327
587000 1366.75 0.002328
588000 1369.90 0.002330
589000 1373.05 0.002331
590000 1376.20 0.002333
591000 1379.35 0.002334
592000 1382.50 0.002335
593000 1385.65 0.002337
594000 1388.80 0.002338
595000 1391.95 0.002339
596000 1395.10 0.002341
597000 1398.25 0.002342
598000 1401.40 0.002343
599000 1404.55 0.002345
600000 1407.70 0.002346
601000 1410.85 0.002348
602000 1414.00 0.002349
603000 1417.15 0.002350
604000 1420.30 0.002351
605000 1423.45 0.002353
606000 1426.60 0.002354
607000 1429.75 0.002355
608000 1432.90 0.002357
609000 1436.05 0.002358
610000 1439.20 0.002359
611000 1442.35 0.002361
612000 1445.50 0.002362
613000 1448.65 0.002363
614000 1451.80 0.002364
615000 1454.95 0.002366
616000 1458.10 0.002367
617000 1461.25 0.002368
618000 1464.40 0.002370
619000 1467.55 0.002371
620000 1470.70 0.002372
621000 1473.85 0.002373
622000 1477.00 0.002375
623000 1480.15 0.002376
624000 1483.30 0.002377
625000 1486.45 0.002378
626000 1489.60 0.002380
627000 1492.75 0.002381
628000 1495.90 0.002382
629000 1499.05 0.002383
630000 1502.20 0.002384
631000 1505.35 0.002386
632000 1508.50 0.002387
633000 1511.65 0.002388
634000 1514.80 0.002389
635000 1517.95 0.002390
636000 1521.10 0.002392
637000 1524.25 0.002393
638000 1527.40 0.002394
639000 1530.55 0.002395
640000 1533.70 0.002396
641000 1536.85 0.002398
642000 1540.00 0.002399
643000 1543.15 0.002400
644000 1546.30 0.002401
645000 1549.45 0.002402
646000 1552.60 0.002403
647000 1555.75 0.002405
648000 1558.90 0.002406
649000 1562.05 0.002407
650000 1565.20 0.002408
651000 1568.35 0.002409
652000 1571.50 0.002410
653000 1574.65 0.002411
654000 1577.80 0.002413
655000 1580.95 0.002414
656000 1584.10 0.002415
657000 1587.25 0.002416
658000 1590.40 0.002417
659000 1593.55 0.002418
660000 1596.70 0.002419
661000 1599.85 0.002420
662000 1603.00 0.002421
663000 1606.15 0.002423
664000 1609.30 0.002424
665000 1612.45 0.002425
666000 1615.60 0.002426
667000 1618.75 0.002427
668000 1621.90 0.002428
669000 1625.05 0.002429
670000 1628.20 0.002430
671000 1631.35 0.002431
672000 1634.50 0.002432
673000 1637.65 0.002433
674000 1640.80 0.002434
675000 1643.95 0.002435
676000 1647.10 0.002437
677000 1650.25 0.002438
678000 1653.40 0.002439
679000 1656.55 0.002440
680000 1659.70 0.002441
681000 1662.85 0.002442
682000 1666.00 0.002443
683000 1669.15 0.002444
684000 1672.30 0.002445
685000 1675.45 0.002446
686000 1678.60 0.002447
687000 1681.75 0.002448
688000 1684.90 0.002449
689000 1688.05 0.002450
690000 1691.20 0.002451
691000 1694.35 0.002452
692000 1697.50 0.002453
693000 1700.65 0.002454
694000 1703.80 0.002455
695000 1706.95 0.002456
696000 1710.10 0.002457
697000 1713.25 0.002458
698000 1716.40 0.002459
699000 1719.55 0.002460
700000 1722.70 0.002461
701000 1725.85 0.002462
702000 1729.00 0.002463
703000 1732.15 0.002464
704000 1735.30 0.002465
705000 1738.45 0.002466
706000 1741.60 0.002467
707000 1744.75 0.002468
708000 1747.90 0.002469
709000 1751.05 0.002470
710000 1754.20 0.002471
711000 1757.60 0.002472
712000 1761.00 0.002473
713000 1764.35 0.002475
714000 1767.75 0.002476
715000 1771.15 0.002477
716000 1774.55 0.002478
717000 1777.95 0.002480
718000 1781.30 0.002481
719000 1784.70 0.002482
720000 1788.10 0.002483
721000 1791.50 0.002485
722000 1794.90 0.002486
723000 1798.25 0.002487
724000 1801.65 0.002488
725000 1805.05 0.002490
726000 1808.45 0.002491
727000 1811.85 0.002492
728000 1815.20 0.002493
729000 1818.60 0.002495
730000 1822.00 0.002496
731000 1825.40 0.002497
732000 1828.80 0.002498
733000 1832.15 0.002500
734000 1835.55 0.002501
735000 1838.95 0.002502
736000 1842.35 0.002503
737000 1845.75 0.002504
738000 1849.10 0.002506
739000 1852.50 0.002507
740000 1855.90 0.002508
741000 1859.30 0.002509
742000 1862.70 0.002510
743000 1866.05 0.002512
744000 1869.45 0.002513
745000 1872.85 0.002514
746000 1876.25 0.002515
747000 1879.65 0.002516
748000 1883.00 0.002517
749000 1886.40 0.002519
750000 1889.80 0.002520
751000 1893.20 0.002521
752000 1896.60 0.002522
753000 1899.95 0.002523
754000 1903.35 0.002524
755000 1906.75 0.002525
756000 1910.15 0.002527
757000 1913.55 0.002528
758000 1916.90 0.002529
759000 1920.30 0.002530
760000 1923.70 0.002531
761000 1927.10 0.002532
762000 1930.50 0.002533
763000 1933.85 0.002535
764000 1937.25 0.002536
765000 1940.65 0.002537
766000 1944.05 0.002538
767000 1947.45 0.002539
768000 1950.80 0.002540
769000 1954.20 0.002541
770000 1957.60 0.002542
771000 1961.00 0.002543
772000 1964.40 0.002545
773000 1967.75 0.002546
774000 1971.15 0.002547
775000 1974.55 0.002548
776000 1977.95 0.002549
777000 1981.35 0.002550
778000 1984.70 0.002551
779000 1988.10 0.002552
780000 1991.50 0.002553
781000 1994.90 0.002554
782000 1998.30 0.002555
783000 2001.65 0.002556
784000 2005.05 0.002557
785000 2008.45 0.002559
786000 2011.85 0.002560
787000 2015.25 0.002561
788000 2018.60 0.002562
789000 2022.00 0.002563
790000 2025.40 0.002564
791000 2028.80 0.002565
792000 2032.20 0.002566
793000 2035.55 0.002567
794000 2038.95 0.002568
795000 2042.35 0.002569
796000 2045.75 0.002570
797000 2049.15 0.002571
798000 2052.50 0.002572
799000 2055.90 0.002573
800000 2059.30 0.002574
801000 2062.70 0.002575
802000 2066.10 0.002576
803000 2069.45 0.002577
804000 2072.85 0.002578
805000 2076.25 0.002579
806000 2079.65 0.002580
807000 2083.05 0.002581
808000 2086.40 0.002582
809000 2089.80 0.002583
810000 2093.20 0.002584
811000 2096.60 0.002585
812000 2100.00 0.002586
813000 2103.35 0.002587
814000 2106.75 0.002588
815000 2110.15 0.002589
816000 2113.55 0.002590
817000 2116.95 0.002591
818000 2120.30 0.002592
819000 2123.70 0.002593
820000 2127.10 0.002594
821000 2130.50 0.002595
822000 2133.90 0.002596
823000 2137.25 0.002597
824000 2140.65 0.002598
825000 2144.05 0.002599
826000 2147.45 0.002600
827000 2150.85 0.002601
828000 2154.20 0.002602
829000 2157.60 0.002603
830000 2161.00 0.002604
831000 2164.40 0.002605
832000 2167.80 0.002606
833000 2171.15 0.002606
834000 2174.55 0.002607
835000 2177.95 0.002608
836000 2181.35 0.002609
837000 2184.75 0.002610
838000 2188.10 0.002611
839000 2191.50 0.002612
840000 2194.90 0.002613
841000 2198.30 0.002614
842000 2201.70 0.002615
843000 2205.05 0.002616
844000 2208.45 0.002617
845000 2211.85 0.002618
846000 2215.25 0.002618
847000 2218.65 0.002619
848000 2222.00 0.002620
849000 2225.40 0.002621
850000 2228.80 0.002622
851000 2232.20 0.002623
852000 2235.60 0.002624
853000 2238.95 0.002625
854000 2242.35 0.002626
855000 2245.75 0.002627
856000 2249.15 0.002628
857000 2252.55 0.002628
858000 2255.90 0.002629
859000 2259.30 0.002630
860000 2262.70 0.002631
861000 2266.10 0.002632
862000 2269.50 0.002633
863000 2272.85 0.002634
864000 2276.25 0.002635
865000 2279.65 0.002635
866000 2283.05 0.002636
867000 2286.45 0.002637
868000 2289.80 0.002638
869000 2293.20 0.002639
870000 2296.60 0.002640
871000 2300.00 0.002641
872000 2303.40 0.002642
873000 2306.75 0.002642
874000 2310.15 0.002643
875000 2313.55 0.002644
876000 2316.95 0.002645
877000 2320.35 0.002646
878000 2323.70 0.002647
879000 2327.10 0.002647
880000 2330.50 0.002648
881000 2333.90 0.002649
882000 2337.30 0.002650
883000 2340.65 0.002651
884000 2344.05 0.002652
885000 2347.45 0.002652
886000 2350.85 0.002653
887000 2354.25 0.002654
888000 2357.60 0.002655
889000 2361.00 0.002656
890000 2364.40 0.002657
891000 2367.80 0.002657
892000 2371.20 0.002658
893000 2374.55 0.002659
894000 2377.95 0.002660
895000 2381.35 0.002661
896000 2384.75 0.002662
897000 2388.15 0.002662
898000 2391.50 0.002663
899000 2394.90 0.002664
900000 2398.30 0.002665
901000 2401.70 0.002666
902000 2405.10 0.002666
903000 2408.45 0.002667
904000 2411.85 0.002668
905000 2415.25 0.002669
906000 2418.65 0.002670
907000 2422.05 0.002670
908000 2425.40 0.002671
909000 2428.80 0.002672
910000 2432.20 0.002673
911000 2435.60 0.002674
912000 2439.00 0.002674
913000 2442.35 0.002675
914000 2445.75 0.002676
915000 2449.15 0.002677
916000 2452.55 0.002677
917000 2455.95 0.002678
918000 2459.30 0.002679
919000 2462.70 0.002680
920000 2466.10 0.002681
921000 2469.50 0.002681
922000 2472.90 0.002682
923000 2476.25 0.002683
924000 2479.65 0.002684
925000 2483.05 0.002684
926000 2486.45 0.002685
927000 2489.85 0.002686
928000 2493.20 0.002687
929000 2496.60 0.002687
930000 2500.00 0.002688
931000 2503.40 0.002689
932000 2506.80 0.002690
933000 2510.15 0.002690
934000 2513.55 0.002691
935000 2516.95 0.002692
936000 2520.35 0.002693
937000 2523.75 0.002693
938000 2527.10 0.002694
939000 2530.50 0.002695
940000 2533.90 0.002696
941000 2537.30 0.002696
942000 2540.70 0.002697
943000 2544.05 0.002698
944000 2547.45 0.002699
945000 2550.85 0.002699
946000 2554.25 0.002700
947000 2557.65 0.002701
948000 2561.00 0.002701
949000 2564.40 0.002702
950000 2567.80 0.002703
951000 2571.20 0.002704
952000 2574.60 0.002704
953000 2577.95 0.002705
954000 2581.35 0.002706
955000 2584.75 0.002707
956000 2588.15 0.002707
957000 2591.55 0.002708
958000 2594.90 0.002709
959000 2598.30 0.002709
960000 2601.70 0.002710
961000 2605.10 0.002711
962000 2608.50 0.002712
963000 2611.85 0.002712
964000 2615.25 0.002713
965000 2618.65 0.002714
966000 2622.05 0.002714
967000 2625.45 0.002715
968000 2628.80 0.002716
969000 2632.20 0.002716
970000 2635.60 0.002717
971000 2639.00 0.002718
972000 2642.40 0.002719
973000 2645.75 0.002719
974000 2649.15 0.002720
975000 2652.55 0.002721
976000 2655.95 0.002721
977000 2659.35 0.002722
978000 2662.70 0.002723
979000 2666.10 0.002723
980000 2669.50 0.002724
981000 2672.90 0.002725
982000 2676.30 0.002725
983000 2679.65 0.002726
984000 2683.05 0.002727
985000 2686.45 0.002727
986000 2689.85 0.002728
987000 2693.25 0.002729
988000 2696.60 0.002729
989000 2700.00 0.002730
990000 2703.40 0.002731
991000 2706.80 0.002731
992000 2710.20 0.002732
993000 2713.55 0.002733
994000 2716.95 0.002733
995000 2720.35 0.002734
996000 2723.75 0.002735
997000 2727.15 0.002735
998000 2730.50 0.002736
999000 2733.90 0.002737
1000000 2737.30 0.002737
1001000 2740.70 0.002738
1002000 2744.10 0.002739
1003000 2747.45 0.002739
1004000 2750.85 0.002740
1005000 2754.25 0.002741
1006000 2757.65 0.002741
1007000 2761.05 0.002742
1008000 2764.40 0.002742
1009000 2767.80 0.002743
1010000 2771.20 0.002744
1011000 2774.60 0.002744
1012000 2778.00 0.002745
1013000 2781.35 0.002746
1014000 2784.75 0.002746
1015000 2788.15 0.002747
1016000 2791.55 0.002748
1017000 2794.95 0.002748
1018000 2798.30 0.002749
1019000 2801.70 0.002749
1020000 2805.10 0.002750
1021000 2808.50 0.002751
1022000 2811.90 0.002751
1023000 2815.25 0.002752
1024000 2818.65 0.002753
1025000 2822.05 0.002753
1026000 2825.45 0.002754
1027000 2828.85 0.002754
1028000 2832.20 0.002755
1029000 2835.60 0.002756
1030000 2839.00 0.002756
1031000 2842.40 0.002757
1032000 2845.80 0.002758
1033000 2849.15 0.002758
1034000 2852.55 0.002759
1035000 2855.95 0.002759
1036000 2859.35 0.002760
1037000 2862.75 0.002761
1038000 2866.10 0.002761
1039000 2869.50 0.002762
1040000 2872.90 0.002762
1041000 2876.30 0.002763
1042000 2879.70 0.002764
1043000 2883.05 0.002764
1044000 2886.45 0.002765
1045000 2889.85 0.002765
1046000 2893.25 0.002766
1047000 2896.65 0.002767
1048000 2900.00 0.002767
1049000 2903.40 0.002768
1050000 2906.80 0.002768
1051000 2910.20 0.002769
1052000 2913.60 0.002770
1053000 2916.95 0.002770
1054000 2920.35 0.002771
1055000 2923.75 0.002771
1056000 2927.15 0.002772
1057000 2930.55 0.002773
1058000 2933.90 0.002773
1059000 2937.30 0.002774
1060000 2940.70 0.002774
1061000 2944.10 0.002775
1062000 2947.50 0.002775
1063000 2950.85 0.002776
1064000 2954.25 0.002777
1065000 2957.65 0.002777
1066000 2961.05 0.002778
1067000 2964.45 0.002778
1068000 2967.80 0.002779
1069000 2971.20 0.002779
1070000 2974.60 0.002780
1071000 2978.00 0.002781
1072000 2981.40 0.002781
1073000 2984.75 0.002782
1074000 2988.15 0.002782
1075000 2991.55 0.002783
1076000 2994.95 0.002783
1077000 2998.35 0.002784
1078000 3001.70 0.002785
1079000 3005.10 0.002785
1080000 3008.50 0.002786
1081000 3011.90 0.002786
1082000 3015.30 0.002787
1083000 3018.65 0.002787
1084000 3022.05 0.002788
1085000 3025.45 0.002788
1086000 3028.85 0.002789
1087000 3032.25 0.002790
1088000 3035.60 0.002790
1089000 3039.00 0.002791
1090000 3042.40 0.002791
1091000 3045.80 0.002792
1092000 3049.20 0.002792
1093000 3052.55 0.002793
1094000 3055.95 0.002793
1095000 3059.35 0.002794
1096000 3062.75 0.002794
1097000 3066.15 0.002795
1098000 3069.50 0.002796
1099000 3072.90 0.002796
1100000 3076.30 0.002797
1101000 3079.70 0.002797
1102000 3083.10 0.002798
1103000 3086.45 0.002798
1104000 3089.85 0.002799
1105000 3093.25 0.002799
1106000 3096.65 0.002800
1107000 3100.05 0.002800
1108000 3103.40 0.002801
1109000 3106.80 0.002801
1110000 3110.20 0.002802
1111000 3113.60 0.002803
1112000 3117.00 0.002803
1113000 3120.35 0.002804
1114000 3123.75 0.002804
1115000 3127.15 0.002805
1116000 3130.55 0.002805
1117000 3133.95 0.002806
1118000 3137.30 0.002806
1119000 3140.70 0.002807
1120000 3144.10 0.002807
1121000 3147.50 0.002808
1122000 3150.90 0.002808
1123000 3154.25 0.002809
1124000 3157.65 0.002809
1125000 3161.05 0.002810
1126000 3164.45 0.002810
1127000 3167.85 0.002811
1128000 3171.20 0.002811
1129000 3174.60 0.002812
1130000 3178.00 0.002812
1131000 3181.40 0.002813
1132000 3184.80 0.002813
1133000 3188.15 0.002814
1134000 3191.55 0.002814
1135000 3194.95 0.002815
1136000 3198.35 0.002815
1137000 3201.75 0.002816
1138000 3205.10 0.002816
1139000 3208.50 0.002817
1140000 3211.90 0.002817
1141000 3215.30 0.002818
1142000 3218.70 0.002818
1143000 3222.05 0.002819
1144000 3225.45 0.002819
1145000 3228.85 0.002820
1146000 3232.25 0.002820
1147000 3235.65 0.002821
1148000 3239.00 0.002821
1149000 3242.40 0.002822
1150000 3245.80 0.002822
1151000 3249.20 0.002823
1152000 3252.60 0.002823
1153000 3255.95 0.002824
1154000 3259.35 0.002824
1155000 3262.75 0.002825
1156000 3266.15 0.002825
1157000 3269.55 0.002826
1158000 3272.90 0.002826
1159000 3276.30 0.002827
1160000 3279.70 0.002827
1161000 3283.10 0.002828
1162000 3286.50 0.002828
1163000 3289.85 0.002829
1164000 3293.25 0.002829
1165000 3296.65 0.002830
1166000 3300.05 0.002830
1167000 3303.45 0.002831
1168000 3306.80 0.002831
1169000 3310.20 0.002832
1170000 3313.60 0.002832
1171000 3317.00 0.002833
1172000 3320.40 0.002833
1173000 3323.75 0.002834
1174000 3327.15 0.002834
1175000 3330.55 0.002835
1176000 3333.95 0.002835
1177000 3337.35 0.002835
1178000 3340.70 0.002836
1179000 3344.10 0.002836
1180000 3347.50 0.002837
1181000 3350.90 0.002837
1182000 3354.30 0.002838
1183000 3357.65 0.002838
1184000 3361.05 0.002839
1185000 3364.45 0.002839
1186000 3367.85 0.002840
1187000 3371.25 0.002840
1188000 3374.60 0.002841
1189000 3378.00 0.002841
1190000 3381.40 0.002842
1191000 3384.80 0.002842
1192000 3388.20 0.002842
1193000 3391.55 0.002843
1194000 3394.95 0.002843
1195000 3398.35 0.002844
1196000 3401.75 0.002844
1197000 3405.15 0.002845
1198000 3408.50 0.002845
1199000 3411.90 0.002846
1200000 3415.30 0.002846
1201000 3418.70 0.002847
1202000 3422.10 0.002847
1203000 3425.45 0.002847
1204000 3428.85 0.002848
1205000 3432.25 0.002848
1206000 3435.65 0.002849
1207000 3439.05 0.002849
1208000 3442.40 0.002850
1209000 3445.80 0.002850
1210000 3449.20 0.002851
1211000 3452.60 0.002851
1212000 3456.00 0.002851
1213000 3459.35 0.002852
1214000 3462.75 0.002852
1215000 3466.15 0.002853
1216000 3469.55 0.002853
1217000 3472.95 0.002854
1218000 3476.30 0.002854
1219000 3479.70 0.002855
1220000 3483.10 0.002855
1221000 3486.50 0.002855
1222000 3489.90 0.002856
1223000 3493.25 0.002856
1224000 3496.65 0.002857
1225000 3500.05 0.002857
1226000 3503.45 0.002858
1227000 3506.85 0.002858
1228000 3510.20 0.002858
1229000 3513.60 0.002859
1230000 3517.00 0.002859
1231000 3520.40 0.002860
1232000 3523.80 0.002860
1233000 3527.15 0.002861
1234000 3530.55 0.002861
1235000 3533.95 0.002861
1236000 3537.35 0.002862
1237000 3540.75 0.002862
1238000 3544.10 0.002863
1239000 3547.50 0.002863
1240000 3550.90 0.002864
1241000 3554.30 0.002864
1242000 3557.70 0.002864
1243000 3561.05 0.002865
1244000 3564.45 0.002865
1245000 3567.85 0.002866
1246000 3571.25 0.002866
1247000 3574.65 0.002867
1248000 3578.00 0.002867
1249000 3581.40 0.002867
1250000 3584.80 0.002868
1251000 3588.20 0.002868
1252000 3591.60 0.002869
1253000 3594.95 0.002869
1254000 3598.35 0.002869
1255000 3601.75 0.002870
1256000 3605.15 0.002870
1257000 3608.55 0.002871
1258000 3611.90 0.002871
1259000 3615.30 0.002872
1260000 3618.70 0.002872
1261000 3622.10 0.002872
1262000 3625.50 0.002873
1263000 3628.85 0.002873
1264000 3632.25 0.002874
1265000 3635.65 0.002874
1266000 3639.05 0.002874
1267000 3642.45 0.002875
1268000 3645.80 0.002875
1269000 3649.20 0.002876
1270000 3652.60 0.002876
1271000 3656.00 0.002876
1272000 3659.40 0.002877
1273000 3662.75 0.002877
1274000 3666.15 0.002878
1275000 3669.55 0.002878
1276000 3672.95 0.002878
1277000 3676.35 0.002879
1278000 3679.70 0.002879
1279000 3683.10 0.002880
1280000 3686.50 0.002880
1281000 3689.90 0.002880
1282000 3693.30 0.002881
1283000 3696.65 0.002881
1284000 3700.05 0.002882
1285000 3703.45 0.002882
1286000 3706.85 0.002882
1287000 3710.25 0.002883
1288000 3713.60 0.002883
1289000 3717.00 0.002884
1290000 3720.40 0.002884
1291000 3723.80 0.002884
1292000 3727.20 0.002885
1293000 3730.55 0.002885
1294000 3733.95 0.002886
1295000 3737.35 0.002886
1296000 3740.75 0.002886
1297000 3744.15 0.002887
1298000 3747.50 0.002887
1299000 3750.90 0.002888
1300000 3754.30 0.002888
1301000 3757.70 0.002888
1302000 3761.10 0.002889
1303000 3764.45 0.002889
1304000 3767.85 0.002889
1305000 3771.25 0.002890
1306000 3774.65 0.002890
1307000 3778.05 0.002891
1308000 3781.40 0.002891
1309000 3784.80 0.002891
1310000 3788.20 0.002892
1311000 3791.60 0.002892
1312000 3795.00 0.002893
1313000 3798.35 0.002893
1314000 3801.75 0.002893
1315000 3805.15 0.002894
1316000 3808.55 0.002894
1317000 3811.95 0.002894
1318000 3815.30 0.002895
1319000 3818.70 0.002895
1320000 3822.10 0.002896
1321000 3825.50 0.002896
1322000 3828.90 0.002896
1323000 3832.25 0.002897
1324000 3835.65 0.002897
1325000 3839.05 0.002897
1326000 3842.45 0.002898
1327000 3845.85 0.002898
1328000 3849.20 0.002898
1329000 3852.60 0.002899
1330000 3856.00 0.002899
1331000 3859.40 0.002900
1332000 3862.80 0.002900
1333000 3866.15 0.002900
1334000 3869.55 0.002901
1335000 3872.95 0.002901
1336000 3876.35 0.002901
1337000 3879.75 0.002902
1338000 3883.10 0.002902
1339000 3886.50 0.002903
1340000 3889.90 0.002903
1341000 3893.30 0.002903
1342000 3896.70 0.002904
1343000 3900.05 0.002904
1344000 3903.45 0.002904
1345000 3906.85 0.002905
1346000 3910.25 0.002905
1347000 3913.65 0.002905
1348000 3917.00 0.002906
1349000 3920.40 0.002906
1350000 3923.80 0.002907
1351000 3927.20 0.002907
1352000 3930.60 0.002907
1353000 3933.95 0.002908
1354000 3937.35 0.002908
1355000 3940.75 0.002908
1356000 3944.15 0.002909
1357000 3947.55 0.002909
1358000 3950.90 0.002909
1359000 3954.30 0.002910
1360000 3957.70 0.002910
1361000 3961.10 0.002910
1362000 3964.50 0.002911
1363000 3967.85 0.002911
1364000 3971.25 0.002911
1365000 3974.65 0.002912
1366000 3978.05 0.002912
1367000 3981.45 0.002913
1368000 3984.80 0.002913
1369000 3988.20 0.002913
1370000 3991.60 0.002914
1371000 3995.00 0.002914
1372000 3998.40 0.002914
1373000 4001.75 0.002915
1374000 4005.15 0.002915
1375000 4008.55 0.002915
1376000 4011.95 0.002916
1377000 4015.35 0.002916
1378000 4018.70 0.002916
1379000 4022.10 0.002917
1380000 4025.50 0.002917
1381000 4028.90 0.002917
1382000 4032.30 0.002918
1383000 4035.65 0.002918
1384000 4039.05 0.002918
1385000 4042.45 0.002919
1386000 4045.85 0.002919
1387000 4049.25 0.002919
1388000 4052.60 0.002920
1389000 4056.00 0.002920
1390000 4059.40 0.002920
1391000 4062.80 0.002921
1392000 4066.20 0.002921
1393000 4069.55 0.002921
1394000 4072.95 0.002922
1395000 4076.35 0.002922
1396000 4079.75 0.002922
1397000 4083.15 0.002923
1398000 4086.50 0.002923
1399000 4089.90 0.002923
1400000 4093.30 0.002924
1401000 4096.70 0.002924
1402000 4100.10 0.002924
1403000 4103.45 0.002925
1404000 4106.85 0.002925
1405000 4110.25 0.002925
1406000 4113.65 0.002926
1407000 4117.05 0.002926
1408000 4120.40 0.002926
1409000 4123.80 0.002927
1410000 4127.20 0.002927
1411000 4130.60 0.002927
1412000 4134.00 0.002928
1413000 4137.35 0.002928
1414000 4140.75 0.002928
1415000 4144.15 0.002929
1416000 4147.55 0.002929
1417000 4150.95 0.002929
1418000 4154.30 0.002930
1419000 4157.70 0.002930
1420000 4161.10 0.002930
1421000 4164.50 0.002931
1422000 4167.90 0.002931
1423000 4171.25 0.002931
1424000 4174.65 0.002932
1425000 4178.05 0.002932
1426000 4181.45 0.002932
1427000 4184.85 0.002933
1428000 4188.20 0.002933
1429000 4191.60 0.002933
1430000 4195.00 0.002934
1431000 4198.40 0.002934
1432000 4201.80 0.002934
1433000 4205.15 0.002935
1434000 4208.55 0.002935
1435000 4211.95 0.002935
1436000 4215.35 0.002935
1437000 4218.75 0.002936
1438000 4222.10 0.002936
1439000 4225.50 0.002936
1440000 4228.90 0.002937
1441000 4232.30 0.002937
1442000 4235.70 0.002937
1443000 4239.05 0.002938
1444000 4242.45 0.002938
1445000 4245.85 0.002938
1446000 4249.25 0.002939
1447000 4252.65 0.002939
1448000 4256.00 0.002939
1449000 4259.40 0.002940
1450000 4262.80 0.002940
1451000 4266.20 0.002940
1452000 4269.60 0.002940
1453000 4272.95 0.002941
1454000 4276.35 0.002941
1455000 4279.75 0.002941
1456000 4283.15 0.002942
1457000 4286.55 0.002942
1458000 4289.90 0.002942
1459000 4293.30 0.002943
1460000 4296.70 0.002943
1461000 4300.10 0.002943
1462000 4303.50 0.002944
1463000 4306.85 0.002944
1464000 4310.25 0.002944
1465000 4313.65 0.002944
1466000 4317.05 0.002945
1467000 4320.45 0.002945
1468000 4323.80 0.002945
1469000 4327.20 0.002946
1470000 4330.60 0.002946
1471000 4334.00 0.002946
1472000 4337.40 0.002947
1473000 4340.75 0.002947
1474000 4344.15 0.002947
1475000 4347.55 0.002947
1476000 4350.95 0.002948
1477000 4354.35 0.002948
1478000 4357.70 0.002948
1479000 4361.10 0.002949
1480000 4364.50 0.002949
1481000 4367.90 0.002949
1482000 4371.30 0.002950
1483000 4374.65 0.002950
1484000 4378.05 0.002950
1485000 4381.45 0.002950
1486000 4384.85 0.002951
1487000 4388.25 0.002951
1488000 4391.60 0.002951
1489000 4395.00 0.002952
1490000 4398.40 0.002952
1491000 4401.80 0.002952
1492000 4405.20 0.002953
1493000 4408.55 0.002953
1494000 4411.95 0.002953
1495000 4415.35 0.002953
1496000 4418.75 0.002954
1497000 4422.15 0.002954
1498000 4425.50 0.002954
1499000 4428.90 0.002955
1500000 4432.30 0.002955
1501000 4435.70 0.002955
1502000 4439.10 0.002955
1503000 4442.45 0.002956
1504000 4445.85 0.002956
1505000 4449.25 0.002956
1506000 4452.65 0.002957
1507000 4456.05 0.002957
1508000 4459.40 0.002957
1509000 4462.80 0.002957
1510000 4466.20 0.002958
1511000 4469.60 0.002958
1512000 4473.00 0.002958
1513000 4476.35 0.002959
1514000 4479.75 0.002959
1515000 4483.15 0.002959
1516000 4486.55 0.002959
1517000 4489.95 0.002960
1518000 4493.30 0.002960
1519000 4496.70 0.002960
1520000 4500.10 0.002961
1521000 4503.50 0.002961
1522000 4506.90 0.002961
1523000 4510.25 0.002961
1524000 4513.65 0.002962
1525000 4517.05 0.002962
1526000 4520.45 0.002962
1527000 4523.85 0.002963
1528000 4527.20 0.002963
1529000 4530.60 0.002963
1530000 4534.00 0.002963
1531000 4537.40 0.002964
1532000 4540.80 0.002964
1533000 4544.15 0.002964
1534000 4547.55 0.002965
1535000 4550.95 0.002965
1536000 4554.35 0.002965
1537000 4557.75 0.002965
1538000 4561.10 0.002966
1539000 4564.50 0.002966
1540000 4567.90 0.002966
1541000 4571.30 0.002966
1542000 4574.70 0.002967
1543000 4578.05 0.002967
1544000 4581.45 0.002967
1545000 4584.85 0.002968
1546000 4588.25 0.002968
1547000 4591.65 0.002968
1548000 4595.00 0.002968
1549000 4598.40 0.002969
1550000 4601.80 0.002969
1551000 4605.20 0.002969
1552000 4608.60 0.002969
1553000 4611.95 0.002970
1554000 4615.35 0.002970
1555000 4618.75 0.002970
1556000 4622.15 0.002971
1557000 4625.55 0.002971
1558000 4628.90 0.002971
1559000 4632.30 0.002971
1560000 4635.70 0.002972
1561000 4639.10 0.002972
1562000 4642.50 0.002972
1563000 4645.85 0.002972
1564000 4649.25 0.002973
1565000 4652.65 0.002973
1566000 4656.05 0.002973
1567000 4659.45 0.002973
1568000 4662.80 0.002974
1569000 4666.20 0.002974
1570000 4669.60 0.002974
1571000 4673.00 0.002975
1572000 4676.40 0.002975
1573000 4679.75 0.002975
1574000 4683.15 0.002975
1575000 4686.55 0.002976
1576000 4689.95 0.002976
1577000 4693.35 0.002976
1578000 4696.70 0.002976
1579000 4700.10 0.002977
1580000 4703.50 0.002977
1581000 4706.90 0.002977
1582000 4710.30 0.002977
1583000 4713.65 0.002978
1584000 4717.05 0.002978
1585000 4720.45 0.002978
1586000 4723.85 0.002978
1587000 4727.25 0.002979
1588000 4730.60 0.002979
1589000 4734.00 0.002979
1590000 4737.40 0.002979
1591000 4740.80 0.002980
1592000 4744.20 0.002980
1593000 4747.55 0.002980
1594000 4750.95 0.002981
1595000 4754.35 0.002981
1596000 4757.75 0.002981
1597000 4761.15 0.002981
1598000 4764.50 0.002982
1599000 4767.90 0.002982
1600000 4771.30 0.002982
1601000 4774.70 0.002982
1602000 4778.10 0.002983
1603000 4781.45 0.002983
1604000 4784.85 0.002983
1605000 4788.25 0.002983
1606000 4791.65 0.002984
1607000 4795.05 0.002984
1608000 4798.40 0.002984
1609000 4801.80 0.002984
1610000 4805.20 0.002985
1611000 4808.60 0.002985
1612000 4812.00 0.002985
1613000 4815.35 0.002985
1614000 4818.75 0.002986
1615000 4822.15 0.002986
1616000 4825.55 0.002986
1617000 4828.95 0.002986
1618000 4832.30 0.002987
1619000 4835.70 0.002987
1620000 4839.10 0.002987
1621000 4842.50 0.002987
1622000 4845.90 0.002988
1623000 4849.25 0.002988
1624000 4852.65 0.002988
1625000 4856.05 0.002988
1626000 4859.45 0.002989
1627000 4862.85 0.002989
1628000 4866.20 0.002989
1629000 4869.60 0.002989
1630000 4873.00 0.002990
1631000 4876.40 0.002990
1632000 4879.80 0.002990
1633000 4883.15 0.002990
1634000 4886.55 0.002991
1635000 4889.95 0.002991
1636000 4893.35 0.002991
1637000 4896.75 0.002991
1638000 4900.10 0.002992
1639000 4903.50 0.002992
1640000 4906.90 0.002992
1641000 4910.30 0.002992
1642000 4913.70 0.002993
1643000 4917.05 0.002993
1644000 4920.45 0.002993
1645000 4923.85 0.002993
1646000 4927.25 0.002993
1647000 4930.65 0.002994
1648000 4934.00 0.002994
1649000 4937.40 0.002994
1650000 4940.80 0.002994
1651000 4944.20 0.002995
1652000 4947.60 0.002995
1653000 4950.95 0.002995
1654000 4954.35 0.002995
1655000 4957.75 0.002996
1656000 4961.15 0.002996
1657000 4964.55 0.002996
1658000 4967.90 0.002996
1659000 4971.30 0.002997
1660000 4974.70 0.002997
1661000 4978.10 0.002997
1662000 4981.50 0.002997
1663000 4984.85 0.002998
1664000 4988.25 0.002998
1665000 4991.65 0.002998
1666000 4995.05 0.002998
1667000 4998.45 0.002998
1668000 5001.80 0.002999
1669000 5005.20 0.002999
1670000 5008.60 0.002999
1671000 5012.00 0.002999
1672000 5015.40 0.003000
1673000 5018.75 0.003000
1674000 5022.15 0.003000
1675000 5025.55 0.003000
1676000 5028.95 0.003001
1677000 5032.35 0.003001
1678000 5035.70 0.003001
1679000 5039.10 0.003001
1680000 5042.50 0.003001
1681000 5045.90 0.003002
1682000 5049.30 0.003002
1683000 5052.65 0.003002
1684000 5056.05 0.003002
1685000 5059.45 0.003003
1686000 5062.85 0.003003
1687000 5066.25 0.003003
1688000 5069.60 0.003003
1689000 5073.00 0.003004
1690000 5076.40 0.003004
1691000 5079.80 0.003004
1692000 5083.20 0.003004
1693000 5086.55 0.003004
1694000 5089.95 0.003005
1695000 5093.35 0.003005
1696000 5096.75 0.003005
1697000 5100.15 0.003005
1698000 5103.50 0.003006
1699000 5106.90 0.003006
1700000 5110.30 0.003006
1701000 5113.70 0.003006
1702000 5117.10 0.003007
1703000 5120.45 0.003007
1704000 5123.85 0.003007
1705000 5127.25 0.003007
1706000 5130.65 0.003007
1707000 5134.05 0.003008
1708000 5137.40 0.003008
1709000 5140.80 0.003008
1710000 5144.20 0.003008
1711000 5147.60 0.003009
1712000 5151.00 0.003009
1713000 5154.35 0.003009
1714000 5157.75 0.003009
1715000 5161.15 0.003009
1716000 5164.55 0.003010
1717000 5167.95 0.003010
1718000 5171.30 0.003010
1719000 5174.70 0.003010
1720000 5178.10 0.003011
1721000 5181.50 0.003011
1722000 5184.90 0.003011
1723000 5188.25 0.003011
1724000 5191.65 0.003011
1725000 5195.05 0.003012
1726000 5198.45 0.003012
1727000 5201.85 0.003012
1728000 5205.20 0.003012
1729000 5208.60 0.003012
1730000 5212.00 0.003013
1731000 5215.40 0.003013
1732000 5218.80 0.003013
1733000 5222.15 0.003013
1734000 5225.55 0.003014
1735000 5228.95 0.003014
1736000 5232.35 0.003014
1737000 5235.75 0.003014
1738000 5239.10 0.003014
1739000 5242.50 0.003015
1740000 5245.90 0.003015
1741000 5249.30 0.003015
1742000 5252.70 0.003015
1743000 5256.05 0.003016
1744000 5259.45 0.003016
1745000 5262.85 0.003016
1746000 5266.25 0.003016
1747000 5269.65 0.003016
1748000 5273.00 0.003017
1749000 5276.40 0.003017
1750000 5279.80 0.003017
1751000 5283.20 0.003017
1752000 5286.60 0.003017
1753000 5289.95 0.003018
1754000 5293.35 0.003018
1755000 5296.75 0.003018
1756000 5300.15 0.003018
1757000 5303.55 0.003019
1758000 5306.90 0.003019
1759000 5310.30 0.003019
1760000 5313.70 0.003019
1761000 5317.10 0.003019
1762000 5320.50 0.003020
1763000 5323.85 0.003020
1764000 5327.25 0.003020
1765000 5330.65 0.003020
1766000 5334.05 0.003020
1767000 5337.45 0.003021
1768000 5340.80 0.003021
1769000 5344.20 0.003021
1770000 5347.60 0.003021
1771000 5351.00 0.003021
1772000 5354.40 0.003022
1773000 5357.75 0.003022
1774000 5361.15 0.003022
1775000 5364.55 0.003022
1776000 5367.95 0.003022
1777000 5371.35 0.003023
1778000 5374.70 0.003023
1779000 5378.10 0.003023
1780000 5381.50 0.003023
1781000 5384.90 0.003024
1782000 5388.30 0.003024
1783000 5391.65 0.003024
1784000 5395.05 0.003024
1785000 5398.45 0.003024
1786000 5401.85 0.003025
1787000 5405.25 0.003025
1788000 5408.60 0.003025
1789000 5412.00 0.003025
1790000 5415.40 0.003025
1791000 5418.80 0.003026
1792000 5422.20 0.003026
1793000 5425.55 0.003026
1794000 5428.95 0.003026
1795000 5432.35 0.003026
1796000 5435.75 0.003027
1797000 5439.15 0.003027
1798000 5442.50 0.003027
1799000 5445.90 0.003027
1800000 5449.30 0.003027
1801000 5452.70 0.003028
1802000 5456.10 0.003028
1803000 5459.45 0.003028
1804000 5462.85 0.003028
1805000 5466.25 0.003028
1806000 5469.65 0.003029
1807000 5473.05 0.003029
1808000 5476.40 0.003029
1809000 5479.80 0.003029
1810000 5483.20 0.003029
1811000 5486.60 0.003030
1812000 5490.00 0.003030
1813000 5493.35 0.003030
1814000 5496.75 0.003030
1815000 5500.15 0.003030
1816000 5503.55 0.003031
1817000 5506.95 0.003031
1818000 5510.30 0.003031
1819000 5513.70 0.003031
1820000 5517.10 0.003031
1821000 5520.50 0.003032
1822000 5523.90 0.003032
1823000 5527.25 0.003032
1824000 5530.65 0.003032
1825000 5534.05 0.003032
1826000 5537.45 0.003033
1827000 5540.85 0.003033
1828000 5544.20 0.003033
1829000 5547.60 0.003033
1830000 5551.00 0.003033
1831000 5554.40 0.003034
1832000 5557.80 0.003034
1833000 5561.15 0.003034
1834000 5564.55 0.003034
1835000 5567.95 0.003034
1836000 5571.35 0.003035
1837000 5574.75 0.003035
1838000 5578.10 0.003035
1839000 5581.50 0.003035
1840000 5584.90 0.003035
1841000 5588.30 0.003035
1842000 5591.70 0.003036
1843000 5595.05 0.003036
1844000 5598.45 0.003036
1845000 5601.85 0.003036
1846000 5605.25 0.003036
1847000 5608.65 0.003037
1848000 5612.00 0.003037
1849000 5615.40 0.003037
1850000 5618.80 0.003037
1851000 5622.20 0.003037
1852000 5625.60 0.003038
1853000 5628.95 0.003038
1854000 5632.35 0.003038
1855000 5635.75 0.003038
1856000 5639.15 0.003038
1857000 5642.55 0.003039
1858000 5645.90 0.003039
1859000 5649.30 0.003039
1860000 5652.70 0.003039
1861000 5656.10 0.003039
1862000 5659.50 0.003039
1863000 5662.85 0.003040
1864000 5666.25 0.003040
1865000 5669.65 0.003040
1866000 5673.05 0.003040
1867000 5676.45 0.003040
1868000 5679.80 0.003041
1869000 5683.20 0.003041
1870000 5686.60 0.003041
1871000 5690.00 0.003041
1872000 5693.40 0.003041
1873000 5696.75 0.003042
1874000 5700.15 0.003042
1875000 5703.55 0.003042
1876000 5706.95 0.003042
1877000 5710.35 0.003042
1878000 5713.70 0.003042
1879000 5717.10 0.003043
1880000 5720.50 0.003043
1881000 5723.90 0.003043
1882000 5727.30 0.003043
1883000 5730.65 0.003043
1884000 5734.05 0.003044
1885000 5737.45 0.003044
1886000 5740.85 0.003044
1887000 5744.25 0.003044
1888000 5747.60 0.003044
1889000 5751.00 0.003044
1890000 5754.40 0.003045
1891000 5757.80 0.003045
1892000 5761.20 0.003045
1893000 5764.55 0.003045
1894000 5767.95 0.003045
1895000 5771.35 0.003046
1896000 5774.75 0.003046
1897000 5778.15 0.003046
1898000 5781.50 0.003046
1899000 5784.90 0.003046
1900000 5788.30 0.003046
1901000 5791.70 0.003047
1902000 5795.10 0.003047
1903000 5798.45 0.003047
1904000 5801.85 0.003047
1905000 5805.25 0.003047
1906000 5808.65 0.003048
1907000 5812.05 0.003048
1908000 5815.40 0.003048
1909000 5818.80 0.003048
1910000 5822.20 0.003048
1911000 5825.60 0.003048
1912000 5829.00 0.003049
1913000 5832.35 0.003049
1914000 5835.75 0.003049
1915000 5839.15 0.003049
1916000 5842.55 0.003049
1917000 5845.95 0.003050
1918000 5849.30 0.003050
1919000 5852.70 0.003050
1920000 5856.10 0.003050
1921000 5859.50 0.003050
1922000 5862.90 0.003050
1923000 5866.25 0.003051
1924000 5869.65 0.003051
1925000 5873.05 0.003051
1926000 5876.45 0.003051
1927000 5879.85 0.003051
1928000 5883.20 0.003051
1929000 5886.60 0.003052
1930000 5890.00 0.003052
1931000 5893.40 0.003052
1932000 5896.80 0.003052
1933000 5900.15 0.003052
1934000 5903.55 0.003053
1935000 5906.95 0.003053
1936000 5910.35 0.003053
1937000 5913.75 0.003053
1938000 5917.10 0.003053
1939000 5920.50 0.003053
1940000 5923.90 0.003054
1941000 5927.30 0.003054
1942000 5930.70 0.003054
1943000 5934.05 0.003054
1944000 5937.45 0.003054
1945000 5940.85 0.003054
1946000 5944.25 0.003055
1947000 5947.65 0.003055
1948000 5951.00 0.003055
1949000 5954.40 0.003055
1950000 5957.80 0.003055
1951000 5961.20 0.003055
1952000 5964.60 0.003056
1953000 5967.95 0.003056
1954000 5971.35 0.003056
1955000 5974.75 0.003056
1956000 5978.15 0.003056
1957000 5981.55 0.003056
1958000 5984.90 0.003057
1959000 5988.30 0.003057
1960000 5991.70 0.003057
1961000 5995.10 0.003057
1962000 5998.50 0.003057
1963000 6001.85 0.003057
1964000 6005.25 0.003058
1965000 6008.65 0.003058
1966000 6012.05 0.003058
1967000 6015.45 0.003058
1968000 6018.80 0.003058
1969000 6022.20 0.003059
1970000 6025.60 0.003059
1971000 6029.00 0.003059
1972000 6032.40 0.003059
1973000 6035.75 0.003059
1974000 6039.15 0.003059
1975000 6042.55 0.003060
1976000 6045.95 0.003060
1977000 6049.35 0.003060
1978000 6052.70 0.003060
1979000 6056.10 0.003060
1980000 6059.50 0.003060
1981000 6062.90 0.003061
1982000 6066.30 0.003061
1983000 6069.65 0.003061
1984000 6073.05 0.003061
1985000 6076.45 0.003061
1986000 6079.85 0.003061
1987000 6083.25 0.003062
1988000 6086.60 0.003062
1989000 6090.00 0.003062
1990000 6093.40 0.003062
1991000 6096.80 0.003062
1992000 6100.20 0.003062
1993000 6103.55 0.003062
1994000 6106.95 0.003063
1995000 6110.35 0.003063
1996000 6113.75 0.003063
1997000 6117.15 0.003063
1998000 6120.50 0.003063
1999000 6123.90 0.003063
2000000 6127.30 0.003064
