50000 22.95
51000 23.90
52000 24.90
53000 25.85
54000 26.85
55000 27.80
56000 28.75
57000 29.75
58000 30.70
59000 31.70
60000 32.65
61000 33.60
62000 34.60
63000 35.55
64000 36.55
65000 37.50
66000 38.45
67000 39.45
68000 40.40
69000 41.40
70000 42.35
71000 43.30
72000 44.30
73000 45.25
74000 46.25
75000 47.20
76000 48.15
77000 49.15
78000 50.10
79000 51.10
80000 52.05
81000 53.00
82000 54.00
83000 54.95
84000 55.95
85000 56.90
86000 57.85
87000 58.85
88000 59.80
89000 60.80
90000 61.75
91000 62.70
92000 63.70
93000 64.65
94000 65.65
95000 66.60
96000 68.30
97000 70.00
98000 71.65
99000 73.35
100000 75.05
101000 76.75
102000 78.45
103000 80.10
104000 81.80
105000 83.50
106000 85.20
107000 86.90
108000 88.55
109000 90.25
110000 91.95
111000 93.65
112000 95.35
113000 97.00
114000 98.70
115000 100.40
116000 102.10
117000 103.80
118000 105.45
119000 107.15
120000 108.85
121000 110.55
122000 112.25
123000 113.90
124000 115.60
125000 117.30
126000 119.00
127000 120.70
128000 122.35
129000 124.05
130000 125.75
131000 127.45
132000 129.15
133000 130.80
134000 132.50
135000 134.20
136000 135.90
137000 137.60
138000 139.25
139000 140.95
140000 142.65
141000 144.35
142000 146.05
143000 147.70
144000 149.40
145000 151.10
146000 152.80
147000 154.50
148000 156.15
149000 157.85
150000 159.55
151000 161.25
152000 162.95
153000 164.60
154000 166.30
155000 168.00
156000 169.70
157000 171.40
158000 173.05
159000 174.75
160000 176.45
161000 178.15
162000 179.85
163000 181.50
164000 183.20
165000 184.90
166000 186.60
167000 188.30
168000 189.95
169000 191.65
170000 193.35
171000 195.05
172000 196.75
173000 198.40
174000 200.10
175000 201.80
176000 203.50
177000 205.20
178000 207.60
179000 210.05
180000 212.45
181000 214.90
182000 217.30
183000 219.70
184000 222.15
185000 224.55
186000 227.00
187000 229.40
188000 231.80
189000 234.25
190000 236.65
191000 239.10
192000 241.50
193000 243.90
194000 246.35
195000 248.75
196000 251.20
197000 253.60
198000 256.00
199000 258.45
200000 260.85
201000 263.30
202000 265.70
203000 268.10
204000 270.55
205000 272.95
206000 275.40
207000 277.80
208000 280.20
209000 282.65
210000 285.05
211000 287.50
212000 289.90
213000 292.30
214000 294.75
215000 297.15
216000 299.60
217000 302.00
218000 304.40
219000 306.85
220000 309.25
221000 311.70
222000 314.10
223000 316.50
224000 318.95
225000 321.35
226000 323.80
227000 326.20
228000 328.60
229000 331.05
230000 333.45
231000 335.90
232000 338.30
233000 340.70
234000 343.15
235000 345.55
236000 348.00
237000 350.40
238000 352.80
239000 355.25
240000 357.65
241000 360.10
242000 362.50
243000 364.90
244000 367.35
245000 369.75
246000 372.20
247000 374.60
248000 377.00
249000 379.45
250000 381.85
251000 384.30
252000 386.70
253000 389.10
254000 391.55
255000 393.95
256000 396.40
257000 398.80
258000 401.20
259000 403.65
260000 406.05
261000 408.50
262000 410.90
263000 413.30
264000 415.75
265000 418.15
266000 420.60
267000 423.00
268000 425.40
269000 427.85
270000 430.25
271000 432.70
272000 435.10
273000 437.50
274000 439.95
275000 442.35
276000 444.80
277000 447.20
278000 449.60
279000 452.05
280000 454.45
281000 456.90
282000 459.30
283000 461.70
284000 464.15
285000 466.55
286000 469.00
287000 471.40
288000 473.80
289000 476.25
290000 478.65
291000 481.10
292000 483.50
293000 485.90
294000 488.35
295000 490.75
296000 493.20
297000 495.60
298000 498.00
299000 500.45
300000 502.85
301000 505.30
302000 507.70
303000 510.10
304000 512.55
305000 514.95
306000 517.40
307000 519.80
308000 522.20
309000 524.65
310000 527.05
311000 529.50
312000 531.90
313000 534.30
314000 536.75
315000 539.15
316000 541.60
317000 544.00
318000 546.40
319000 548.85
320000 551.25
321000 553.70
322000 556.10
323000 558.50
324000 560.95
325000 563.35
326000 565.80
327000 568.20
328000 570.60
329000 573.05
330000 575.45
331000 577.90
332000 580.30
333000 582.70
334000 585.15
335000 587.55
336000 590.00
337000 592.40
338000 594.80
339000 597.25
340000 599.65
341000 602.10
342000 604.50
343000 606.90
344000 609.35
345000 611.75
346000 614.20
347000 616.60
348000 619.00
349000 621.45
350000 623.85
351000 626.30
352000 628.70
353000 631.10
354000 633.55
355000 635.95
356000 639.10
357000 642.25
358000 645.40
359000 648.55
360000 651.70
361000 654.85
362000 658.00
363000 661.15
364000 664.30
365000 667.45
366000 670.60
367000 673.75
368000 676.90
369000 680.05
370000 683.20
371000 686.35
372000 689.50
373000 692.65
374000 695.80
375000 698.95
376000 702.10
377000 705.25
378000 708.40
379000 711.55
380000 714.70
381000 717.85
382000 721.00
383000 724.15
384000 727.30
385000 730.45
386000 733.60
387000 736.75
388000 739.90
389000 743.05
390000 746.20
391000 749.35
392000 752.50
393000 755.65
394000 758.80
395000 761.95
396000 765.10
397000 768.25
398000 771.40
399000 774.55
400000 777.70
401000 780.85
402000 784.00
403000 787.15
404000 790.30
405000 793.45
406000 796.60
407000 799.75
408000 802.90
409000 806.05
410000 809.20
411000 812.35
412000 815.50
413000 818.65
414000 821.80
415000 824.95
416000 828.10
417000 831.25
418000 834.40
419000 837.55
420000 840.70
421000 843.85
422000 847.00
423000 850.15
424000 853.30
425000 856.45
426000 859.60
427000 862.75
428000 865.90
429000 869.05
430000 872.20
431000 875.35
432000 878.50
433000 881.65
434000 884.80
435000 887.95
436000 891.10
437000 894.25
438000 897.40
439000 900.55
440000 903.70
441000 906.85
442000 910.00
443000 913.15
444000 916.30
445000 919.45
446000 922.60
447000 925.75
448000 928.90
449000 932.05
450000 935.20
451000 938.35
452000 941.50
453000 944.65
454000 947.80
455000 950.95
456000 954.10
457000 957.25
458000 960.40
459000 963.55
460000 966.70
461000 969.85
462000 973.00
463000 976.15
464000 979.30
465000 982.45
466000 985.60
467000 988.75
468000 991.90
469000 995.05
470000 998.20
471000 1001.35
472000 1004.50
473000 1007.65
474000 1010.80
475000 1013.95
476000 1017.10
477000 1020.25
478000 1023.40
479000 1026.55
480000 1029.70
481000 1032.85
482000 1036.00
483000 1039.15
484000 1042.30
485000 1045.45
486000 1048.60
487000 1051.75
488000 1054.90
489000 1058.05
490000 1061.20
491000 1064.35
492000 1067.50
493000 1070.65
494000 1073.80
495000 1076.95
496000 1080.10
497000 1083.25
498000 1086.40
499000 1089.55
500000 1092.70
501000 1095.85
502000 1099.00
503000 1102.15
504000 1105.30
505000 1108.45
506000 1111.60
507000 1114.75
508000 1117.90
509000 1121.05
510000 1124.20
511000 1127.35
512000 1130.50
513000 1133.65
514000 1136.80
515000 1139.95
516000 1143.10
517000 1146.25
518000 1149.40
519000 1152.55
520000 1155.70
521000 1158.85
522000 1162.00
523000 1165.15
524000 1168.30
525000 1171.45
526000 1174.60
527000 1177.75
528000 1180.90
529000 1184.05
530000 1187.20
531000 1190.35
532000 1193.50
533000 1196.65
534000 1199.80
535000 1202.95
536000 1206.10
537000 1209.25
538000 1212.40
539000 1215.55
540000 1218.70
541000 1221.85
542000 1225.00
543000 1228.15
544000 1231.30
545000 1234.45
546000 1237.60
547000 1240.75
548000 1243.90
549000 1247.05
550000 1250.20
551000 1253.35
552000 1256.50
553000 1259.65
554000 1262.80
555000 1265.95
556000 1269.10
557000 1272.25
558000 1275.40
559000 1278.55
560000 1281.70
561000 1284.85
562000 1288.00
563000 1291.15
564000 1294.30
565000 1297.45
566000 1300.60
567000 1303.75
568000 1306.90
569000 1310.05
570000 1313.20
571000 1316.35
572000 1319.50
573000 1322.65
574000 1325.80
575000 1328.95
576000 1332.10
577000 1335.25
578000 1338.40
579000 1341.55
580000 1344.70
581000 1347.85
582000 1351.00
583000 1354.15
584000 1357.30
585000 1360.45
586000 1363.60
587000 1366.75
588000 1369.90
589000 1373.05
590000 1376.20
591000 1379.35
592000 1382.50
593000 1385.65
594000 1388.80
595000 1391.95
596000 1395.10
597000 1398.25
598000 1401.40
599000 1404.55
600000 1407.70
601000 1410.85
602000 1414.00
603000 1417.15
604000 1420.30
605000 1423.45
606000 1426.60
607000 1429.75
608000 1432.90
609000 1436.05
610000 1439.20
611000 1442.35
612000 1445.50
613000 1448.65
614000 1451.80
615000 1454.95
616000 1458.10
617000 1461.25
618000 1464.40
619000 1467.55
620000 1470.70
621000 1473.85
622000 1477.00
623000 1480.15
624000 1483.30
625000 1486.45
626000 1489.60
627000 1492.75
628000 1495.90
629000 1499.05
630000 1502.20
631000 1505.35
632000 1508.50
633000 1511.65
634000 1514.80
635000 1517.95
636000 1521.10
637000 1524.25
638000 1527.40
639000 1530.55
640000 1533.70
641000 1536.85
642000 1540.00
643000 1543.15
644000 1546.30
645000 1549.45
646000 1552.60
647000 1555.75
648000 1558.90
649000 1562.05
650000 1565.20
651000 1568.35
652000 1571.50
653000 1574.65
654000 1577.80
655000 1580.95
656000 1584.10
657000 1587.25
658000 1590.40
659000 1593.55
660000 1596.70
661000 1599.85
662000 1603.00
663000 1606.15
664000 1609.30
665000 1612.45
666000 1615.60
667000 1618.75
668000 1621.90
669000 1625.05
670000 1628.20
671000 1631.35
672000 1634.50
673000 1637.65
674000 1640.80
675000 1643.95
676000 1647.10
677000 1650.25
678000 1653.40
679000 1656.55
680000 1659.70
681000 1662.85
682000 1666.00
683000 1669.15
684000 1672.30
685000 1675.45
686000 1678.60
687000 1681.75
688000 1684.90
689000 1688.05
690000 1691.20
691000 1694.35
692000 1697.50
693000 1700.65
694000 1703.80
695000 1706.95
696000 1710.10
697000 1713.25
698000 1716.40
699000 1719.55
700000 1722.70
701000 1725.85
702000 1729.00
703000 1732.15
704000 1735.30
705000 1738.45
706000 1741.60
707000 1744.75
708000 1747.90
709000 1751.05
710000 1754.20
711000 1757.60
712000 1761.00
713000 1764.35
714000 1767.75
715000 1771.15
716000 1774.55
717000 1777.95
718000 1781.30
719000 1784.70
720000 1788.10
721000 1791.50
722000 1794.90
723000 1798.25
724000 1801.65
725000 1805.05
726000 1808.45
727000 1811.85
728000 1815.20
729000 1818.60
730000 1822.00
731000 1825.40
732000 1828.80
733000 1832.15
734000 1835.55
735000 1838.95
736000 1842.35
737000 1845.75
738000 1849.10
739000 1852.50
740000 1855.90
741000 1859.30
742000 1862.70
743000 1866.05
744000 1869.45
745000 1872.85
746000 1876.25
747000 1879.65
748000 1883.00
749000 1886.40
750000 1889.80
751000 1893.20
752000 1896.60
753000 1899.95
754000 1903.35
755000 1906.75
756000 1910.15
757000 1913.55
758000 1916.90
759000 1920.30
760000 1923.70
761000 1927.10
762000 1930.50
763000 1933.85
764000 1937.25
765000 1940.65
766000 1944.05
767000 1947.45
768000 1950.80
769000 1954.20
770000 1957.60
771000 1961.00
772000 1964.40
773000 1967.75
774000 1971.15
775000 1974.55
776000 1977.95
777000 1981.35
778000 1984.70
779000 1988.10
780000 1991.50
781000 1994.90
782000 1998.30
783000 2001.65
784000 2005.05
785000 2008.45
786000 2011.85
787000 2015.25
788000 2018.60
789000 2022.00
790000 2025.40
791000 2028.80
792000 2032.20
793000 2035.55
794000 2038.95
795000 2042.35
796000 2045.75
797000 2049.15
798000 2052.50
799000 2055.90
800000 2059.30
801000 2062.70
802000 2066.10
803000 2069.45
804000 2072.85
805000 2076.25
806000 2079.65
807000 2083.05
808000 2086.40
809000 2089.80
810000 2093.20
811000 2096.60
812000 2100.00
813000 2103.35
814000 2106.75
815000 2110.15
816000 2113.55
817000 2116.95
818000 2120.30
819000 2123.70
820000 2127.10
821000 2130.50
822000 2133.90
823000 2137.25
824000 2140.65
825000 2144.05
826000 2147.45
827000 2150.85
828000 2154.20
829000 2157.60
830000 2161.00
831000 2164.40
832000 2167.80
833000 2171.15
834000 2174.55
835000 2177.95
836000 2181.35
837000 2184.75
838000 2188.10
839000 2191.50
840000 2194.90
841000 2198.30
842000 2201.70
843000 2205.05
844000 2208.45
845000 2211.85
846000 2215.25
847000 2218.65
848000 2222.00
849000 2225.40
850000 2228.80
851000 2232.20
852000 2235.60
853000 2238.95
854000 2242.35
855000 2245.75
856000 2249.15
857000 2252.55
858000 2255.90
859000 2259.30
860000 2262.70
861000 2266.10
862000 2269.50
863000 2272.85
864000 2276.25
865000 2279.65
866000 2283.05
867000 2286.45
868000 2289.80
869000 2293.20
870000 2296.60
871000 2300.00
872000 2303.40
873000 2306.75
874000 2310.15
875000 2313.55
876000 2316.95
877000 2320.35
878000 2323.70
879000 2327.10
880000 2330.50
881000 2333.90
882000 2337.30
883000 2340.65
884000 2344.05
885000 2347.45
886000 2350.85
887000 2354.25
888000 2357.60
889000 2361.00
890000 2364.40
891000 2367.80
892000 2371.20
893000 2374.55
894000 2377.95
895000 2381.35
896000 2384.75
897000 2388.15
898000 2391.50
899000 2394.90
900000 2398.30
901000 2401.70
902000 2405.10
903000 2408.45
904000 2411.85
905000 2415.25
906000 2418.65
907000 2422.05
908000 2425.40
909000 2428.80
910000 2432.20
911000 2435.60
912000 2439.00
913000 2442.35
914000 2445.75
915000 2449.15
916000 2452.55
917000 2455.95
918000 2459.30
919000 2462.70
920000 2466.10
921000 2469.50
922000 2472.90
923000 2476.25
924000 2479.65
925000 2483.05
926000 2486.45
927000 2489.85
928000 2493.20
929000 2496.60
930000 2500.00
931000 2503.40
932000 2506.80
933000 2510.15
934000 2513.55
935000 2516.95
936000 2520.35
937000 2523.75
938000 2527.10
939000 2530.50
940000 2533.90
941000 2537.30
942000 2540.70
943000 2544.05
944000 2547.45
945000 2550.85
946000 2554.25
947000 2557.65
948000 2561.00
949000 2564.40
950000 2567.80
951000 2571.20
952000 2574.60
953000 2577.95
954000 2581.35
955000 2584.75
956000 2588.15
957000 2591.55
958000 2594.90
959000 2598.30
960000 2601.70
961000 2605.10
962000 2608.50
963000 2611.85
964000 2615.25
965000 2618.65
966000 2622.05
967000 2625.45
968000 2628.80
969000 2632.20
970000 2635.60
971000 2639.00
972000 2642.40
973000 2645.75
974000 2649.15
975000 2652.55
976000 2655.95
977000 2659.35
978000 2662.70
979000 2666.10
980000 2669.50
981000 2672.90
982000 2676.30
983000 2679.65
984000 2683.05
985000 2686.45
986000 2689.85
987000 2693.25
988000 2696.60
989000 2700.00
990000 2703.40
991000 2706.80
992000 2710.20
993000 2713.55
994000 2716.95
995000 2720.35
996000 2723.75
997000 2727.15
998000 2730.50
999000 2733.90
1000000 2737.30
1001000 2740.70
1002000 2744.10
1003000 2747.45
1004000 2750.85
1005000 2754.25
1006000 2757.65
1007000 2761.05
1008000 2764.40
1009000 2767.80
1010000 2771.20
1011000 2774.60
1012000 2778.00
1013000 2781.35
1014000 2784.75
1015000 2788.15
1016000 2791.55
1017000 2794.95
1018000 2798.30
1019000 2801.70
1020000 2805.10
1021000 2808.50
1022000 2811.90
1023000 2815.25
1024000 2818.65
1025000 2822.05
1026000 2825.45
1027000 2828.85
1028000 2832.20
1029000 2835.60
1030000 2839.00
1031000 2842.40
1032000 2845.80
1033000 2849.15
1034000 2852.55
1035000 2855.95
1036000 2859.35
1037000 2862.75
1038000 2866.10
1039000 2869.50
1040000 2872.90
1041000 2876.30
1042000 2879.70
1043000 2883.05
1044000 2886.45
1045000 2889.85
1046000 2893.25
1047000 2896.65
1048000 2900.00
1049000 2903.40
1050000 2906.80
1051000 2910.20
1052000 2913.60
1053000 2916.95
1054000 2920.35
1055000 2923.75
1056000 2927.15
1057000 2930.55
1058000 2933.90
1059000 2937.30
1060000 2940.70
1061000 2944.10
1062000 2947.50
1063000 2950.85
1064000 2954.25
1065000 2957.65
1066000 2961.05
1067000 2964.45
1068000 2967.80
1069000 2971.20
1070000 2974.60
1071000 2978.00
1072000 2981.40
1073000 2984.75
1074000 2988.15
1075000 2991.55
1076000 2994.95
1077000 2998.35
1078000 3001.70
1079000 3005.10
1080000 3008.50
1081000 3011.90
1082000 3015.30
1083000 3018.65
1084000 3022.05
1085000 3025.45
1086000 3028.85
1087000 3032.25
1088000 3035.60
1089000 3039.00
1090000 3042.40
1091000 3045.80
1092000 3049.20
1093000 3052.55
1094000 3055.95
1095000 3059.35
1096000 3062.75
1097000 3066.15
1098000 3069.50
1099000 3072.90
1100000 3076.30
1101000 3079.70
1102000 3083.10
1103000 3086.45
1104000 3089.85
1105000 3093.25
1106000 3096.65
1107000 3100.05
1108000 3103.40
1109000 3106.80
1110000 3110.20
1111000 3113.60
1112000 3117.00
1113000 3120.35
1114000 3123.75
1115000 3127.15
1116000 3130.55
1117000 3133.95
1118000 3137.30
1119000 3140.70
1120000 3144.10
1121000 3147.50
1122000 3150.90
1123000 3154.25
1124000 3157.65
1125000 3161.05
1126000 3164.45
1127000 3167.85
1128000 3171.20
1129000 3174.60
1130000 3178.00
1131000 3181.40
1132000 3184.80
1133000 3188.15
1134000 3191.55
1135000 3194.95
1136000 3198.35
1137000 3201.75
1138000 3205.10
1139000 3208.50
1140000 3211.90
1141000 3215.30
1142000 3218.70
1143000 3222.05
1144000 3225.45
1145000 3228.85
1146000 3232.25
1147000 3235.65
1148000 3239.00
1149000 3242.40
1150000 3245.80
1151000 3249.20
1152000 3252.60
1153000 3255.95
1154000 3259.35
1155000 3262.75
1156000 3266.15
1157000 3269.55
1158000 3272.90
1159000 3276.30
1160000 3279.70
1161000 3283.10
1162000 3286.50
1163000 3289.85
1164000 3293.25
1165000 3296.65
1166000 3300.05
1167000 3303.45
1168000 3306.80
1169000 3310.20
1170000 3313.60
1171000 3317.00
1172000 3320.40
1173000 3323.75
1174000 3327.15
1175000 3330.55
1176000 3333.95
1177000 3337.35
1178000 3340.70
1179000 3344.10
1180000 3347.50
1181000 3350.90
1182000 3354.30
1183000 3357.65
1184000 3361.05
1185000 3364.45
1186000 3367.85
1187000 3371.25
1188000 3374.60
1189000 3378.00
1190000 3381.40
1191000 3384.80
1192000 3388.20
1193000 3391.55
1194000 3394.95
1195000 3398.35
1196000 3401.75
1197000 3405.15
1198000 3408.50
1199000 3411.90
1200000 3415.30
1201000 3418.70
1202000 3422.10
1203000 3425.45
1204000 3428.85
1205000 3432.25
1206000 3435.65
1207000 3439.05
1208000 3442.40
1209000 3445.80
1210000 3449.20
1211000 3452.60
1212000 3456.00
1213000 3459.35
1214000 3462.75
1215000 3466.15
1216000 3469.55
1217000 3472.95
1218000 3476.30
1219000 3479.70
1220000 3483.10
1221000 3486.50
1222000 3489.90
1223000 3493.25
1224000 3496.65
1225000 3500.05
1226000 3503.45
1227000 3506.85
1228000 3510.20
1229000 3513.60
1230000 3517.00
1231000 3520.40
1232000 3523.80
1233000 3527.15
1234000 3530.55
1235000 3533.95
1236000 3537.35
1237000 3540.75
1238000 3544.10
1239000 3547.50
1240000 3550.90
1241000 3554.30
1242000 3557.70
1243000 3561.05
1244000 3564.45
1245000 3567.85
1246000 3571.25
1247000 3574.65
1248000 3578.00
1249000 3581.40
1250000 3584.80
1251000 3588.20
1252000 3591.60
1253000 3594.95
1254000 3598.35
1255000 3601.75
1256000 3605.15
1257000 3608.55
1258000 3611.90
1259000 3615.30
1260000 3618.70
1261000 3622.10
1262000 3625.50
1263000 3628.85
1264000 3632.25
1265000 3635.65
1266000 3639.05
1267000 3642.45
1268000 3645.80
1269000 3649.20
1270000 3652.60
1271000 3656.00
1272000 3659.40
1273000 3662.75
1274000 3666.15
1275000 3669.55
1276000 3672.95
1277000 3676.35
1278000 3679.70
1279000 3683.10
1280000 3686.50
1281000 3689.90
1282000 3693.30
1283000 3696.65
1284000 3700.05
1285000 3703.45
1286000 3706.85
1287000 3710.25
1288000 3713.60
1289000 3717.00
1290000 3720.40
1291000 3723.80
1292000 3727.20
1293000 3730.55
1294000 3733.95
1295000 3737.35
1296000 3740.75
1297000 3744.15
1298000 3747.50
1299000 3750.90
1300000 3754.30
1301000 3757.70
1302000 3761.10
1303000 3764.45
1304000 3767.85
1305000 3771.25
1306000 3774.65
1307000 3778.05
1308000 3781.40
1309000 3784.80
1310000 3788.20
1311000 3791.60
1312000 3795.00
1313000 3798.35
1314000 3801.75
1315000 3805.15
1316000 3808.55
1317000 3811.95
1318000 3815.30
1319000 3818.70
1320000 3822.10
1321000 3825.50
1322000 3828.90
1323000 3832.25
1324000 3835.65
1325000 3839.05
1326000 3842.45
1327000 3845.85
1328000 3849.20
1329000 3852.60
1330000 3856.00
1331000 3859.40
1332000 3862.80
1333000 3866.15
1334000 3869.55
1335000 3872.95
1336000 3876.35
1337000 3879.75
1338000 3883.10
1339000 3886.50
1340000 3889.90
1341000 3893.30
1342000 3896.70
1343000 3900.05
1344000 3903.45
1345000 3906.85
1346000 3910.25
1347000 3913.65
1348000 3917.00
1349000 3920.40
1350000 3923.80
1351000 3927.20
1352000 3930.60
1353000 3933.95
1354000 3937.35
1355000 3940.75
1356000 3944.15
1357000 3947.55
1358000 3950.90
1359000 3954.30
1360000 3957.70
1361000 3961.10
1362000 3964.50
1363000 3967.85
1364000 3971.25
1365000 3974.65
1366000 3978.05
1367000 3981.45
1368000 3984.80
1369000 3988.20
1370000 3991.60
1371000 3995.00
1372000 3998.40
1373000 4001.75
1374000 4005.15
1375000 4008.55
1376000 4011.95
1377000 4015.35
1378000 4018.70
1379000 4022.10
1380000 4025.50
1381000 4028.90
1382000 4032.30
1383000 4035.65
1384000 4039.05
1385000 4042.45
1386000 4045.85
1387000 4049.25
1388000 4052.60
1389000 4056.00
1390000 4059.40
1391000 4062.80
1392000 4066.20
1393000 4069.55
1394000 4072.95
1395000 4076.35
1396000 4079.75
1397000 4083.15
1398000 4086.50
1399000 4089.90
1400000 4093.30
1401000 4096.70
1402000 4100.10
1403000 4103.45
1404000 4106.85
1405000 4110.25
1406000 4113.65
1407000 4117.05
1408000 4120.40
1409000 4123.80
1410000 4127.20
1411000 4130.60
1412000 4134.00
1413000 4137.35
1414000 4140.75
1415000 4144.15
1416000 4147.55
1417000 4150.95
1418000 4154.30
1419000 4157.70
1420000 4161.10
1421000 4164.50
1422000 4167.90
1423000 4171.25
1424000 4174.65
1425000 4178.05
1426000 4181.45
1427000 4184.85
1428000 4188.20
1429000 4191.60
1430000 4195.00
1431000 4198.40
1432000 4201.80
1433000 4205.15
1434000 4208.55
1435000 4211.95
1436000 4215.35
1437000 4218.75
1438000 4222.10
1439000 4225.50
1440000 4228.90
1441000 4232.30
1442000 4235.70
1443000 4239.05
1444000 4242.45
1445000 4245.85
1446000 4249.25
1447000 4252.65
1448000 4256.00
1449000 4259.40
1450000 4262.80
1451000 4266.20
1452000 4269.60
1453000 4272.95
1454000 4276.35
1455000 4279.75
1456000 4283.15
1457000 4286.55
1458000 4289.90
1459000 4293.30
1460000 4296.70
1461000 4300.10
1462000 4303.50
1463000 4306.85
1464000 4310.25
1465000 4313.65
1466000 4317.05
1467000 4320.45
1468000 4323.80
1469000 4327.20
1470000 4330.60
1471000 4334.00
1472000 4337.40
1473000 4340.75
1474000 4344.15
1475000 4347.55
1476000 4350.95
1477000 4354.35
1478000 4357.70
1479000 4361.10
1480000 4364.50
1481000 4367.90
1482000 4371.30
1483000 4374.65
1484000 4378.05
1485000 4381.45
1486000 4384.85
1487000 4388.25
1488000 4391.60
1489000 4395.00
1490000 4398.40
1491000 4401.80
1492000 4405.20
1493000 4408.55
1494000 4411.95
1495000 4415.35
1496000 4418.75
1497000 4422.15
1498000 4425.50
1499000 4428.90
1500000 4432.30
1501000 4435.70
1502000 4439.10
1503000 4442.45
1504000 4445.85
1505000 4449.25
1506000 4452.65
1507000 4456.05
1508000 4459.40
1509000 4462.80
1510000 4466.20
1511000 4469.60
1512000 4473.00
1513000 4476.35
1514000 4479.75
1515000 4483.15
1516000 4486.55
1517000 4489.95
1518000 4493.30
1519000 4496.70
1520000 4500.10
1521000 4503.50
1522000 4506.90
1523000 4510.25
1524000 4513.65
1525000 4517.05
1526000 4520.45
1527000 4523.85
1528000 4527.20
1529000 4530.60
1530000 4534.00
1531000 4537.40
1532000 4540.80
1533000 4544.15
1534000 4547.55
1535000 4550.95
1536000 4554.35
1537000 4557.75
1538000 4561.10
1539000 4564.50
1540000 4567.90
1541000 4571.30
1542000 4574.70
1543000 4578.05
1544000 4581.45
1545000 4584.85
1546000 4588.25
1547000 4591.65
1548000 4595.00
1549000 4598.40
1550000 4601.80
1551000 4605.20
1552000 4608.60
1553000 4611.95
1554000 4615.35
1555000 4618.75
1556000 4622.15
1557000 4625.55
1558000 4628.90
1559000 4632.30
1560000 4635.70
1561000 4639.10
1562000 4642.50
1563000 4645.85
1564000 4649.25
1565000 4652.65
1566000 4656.05
1567000 4659.45
1568000 4662.80
1569000 4666.20
1570000 4669.60
1571000 4673.00
1572000 4676.40
1573000 4679.75
1574000 4683.15
1575000 4686.55
1576000 4689.95
1577000 4693.35
1578000 4696.70
1579000 4700.10
1580000 4703.50
1581000 4706.90
1582000 4710.30
1583000 4713.65
1584000 4717.05
1585000 4720.45
1586000 4723.85
1587000 4727.25
1588000 4730.60
1589000 4734.00
1590000 4737.40
1591000 4740.80
1592000 4744.20
1593000 4747.55
1594000 4750.95
1595000 4754.35
1596000 4757.75
1597000 4761.15
1598000 4764.50
1599000 4767.90
1600000 4771.30
1601000 4774.70
1602000 4778.10
1603000 4781.45
1604000 4784.85
1605000 4788.25
1606000 4791.65
1607000 4795.05
1608000 4798.40
1609000 4801.80
1610000 4805.20
1611000 4808.60
1612000 4812.00
1613000 4815.35
1614000 4818.75
1615000 4822.15
1616000 4825.55
1617000 4828.95
1618000 4832.30
1619000 4835.70
1620000 4839.10
1621000 4842.50
1622000 4845.90
1623000 4849.25
1624000 4852.65
1625000 4856.05
1626000 4859.45
1627000 4862.85
1628000 4866.20
1629000 4869.60
1630000 4873.00
1631000 4876.40
1632000 4879.80
1633000 4883.15
1634000 4886.55
1635000 4889.95
1636000 4893.35
1637000 4896.75
1638000 4900.10
1639000 4903.50
1640000 4906.90
1641000 4910.30
1642000 4913.70
1643000 4917.05
1644000 4920.45
1645000 4923.85
1646000 4927.25
1647000 4930.65
1648000 4934.00
1649000 4937.40
1650000 4940.80
1651000 4944.20
1652000 4947.60
1653000 4950.95
1654000 4954.35
1655000 4957.75
1656000 4961.15
1657000 4964.55
1658000 4967.90
1659000 4971.30
1660000 4974.70
1661000 4978.10
1662000 4981.50
1663000 4984.85
1664000 4988.25
1665000 4991.65
1666000 4995.05
1667000 4998.45
1668000 5001.80
1669000 5005.20
1670000 5008.60
1671000 5012.00
1672000 5015.40
1673000 5018.75
1674000 5022.15
1675000 5025.55
1676000 5028.95
1677000 5032.35
1678000 5035.70
1679000 5039.10
1680000 5042.50
1681000 5045.90
1682000 5049.30
1683000 5052.65
1684000 5056.05
1685000 5059.45
1686000 5062.85
1687000 5066.25
1688000 5069.60
1689000 5073.00
1690000 5076.40
1691000 5079.80
1692000 5083.20
1693000 5086.55
1694000 5089.95
1695000 5093.35
1696000 5096.75
1697000 5100.15
1698000 5103.50
1699000 5106.90
1700000 5110.30
1701000 5113.70
1702000 5117.10
1703000 5120.45
1704000 5123.85
1705000 5127.25
1706000 5130.65
1707000 5134.05
1708000 5137.40
1709000 5140.80
1710000 5144.20
1711000 5147.60
1712000 5151.00
1713000 5154.35
1714000 5157.75
1715000 5161.15
1716000 5164.55
1717000 5167.95
1718000 5171.30
1719000 5174.70
1720000 5178.10
1721000 5181.50
1722000 5184.90
1723000 5188.25
1724000 5191.65
1725000 5195.05
1726000 5198.45
1727000 5201.85
1728000 5205.20
1729000 5208.60
1730000 5212.00
1731000 5215.40
1732000 5218.80
1733000 5222.15
1734000 5225.55
1735000 5228.95
1736000 5232.35
1737000 5235.75
1738000 5239.10
1739000 5242.50
1740000 5245.90
1741000 5249.30
1742000 5252.70
1743000 5256.05
1744000 5259.45
1745000 5262.85
1746000 5266.25
1747000 5269.65
1748000 5273.00
1749000 5276.40
1750000 5279.80
1751000 5283.20
1752000 5286.60
1753000 5289.95
1754000 5293.35
1755000 5296.75
1756000 5300.15
1757000 5303.55
1758000 5306.90
1759000 5310.30
1760000 5313.70
1761000 5317.10
1762000 5320.50
1763000 5323.85
1764000 5327.25
1765000 5330.65
1766000 5334.05
1767000 5337.45
1768000 5340.80
1769000 5344.20
1770000 5347.60
1771000 5351.00
1772000 5354.40
1773000 5357.75
1774000 5361.15
1775000 5364.55
1776000 5367.95
1777000 5371.35
1778000 5374.70
1779000 5378.10
1780000 5381.50
1781000 5384.90
1782000 5388.30
1783000 5391.65
1784000 5395.05
1785000 5398.45
1786000 5401.85
1787000 5405.25
1788000 5408.60
1789000 5412.00
1790000 5415.40
1791000 5418.80
1792000 5422.20
1793000 5425.55
1794000 5428.95
1795000 5432.35
1796000 5435.75
1797000 5439.15
1798000 5442.50
1799000 5445.90
1800000 5449.30
1801000 5452.70
1802000 5456.10
1803000 5459.45
1804000 5462.85
1805000 5466.25
1806000 5469.65
1807000 5473.05
1808000 5476.40
1809000 5479.80
1810000 5483.20
1811000 5486.60
1812000 5490.00
1813000 5493.35
1814000 5496.75
1815000 5500.15
1816000 5503.55
1817000 5506.95
1818000 5510.30
1819000 5513.70
1820000 5517.10
1821000 5520.50
1822000 5523.90
1823000 5527.25
1824000 5530.65
1825000 5534.05
1826000 5537.45
1827000 5540.85
1828000 5544.20
1829000 5547.60
1830000 5551.00
1831000 5554.40
1832000 5557.80
1833000 5561.15
1834000 5564.55
1835000 5567.95
1836000 5571.35
1837000 5574.75
1838000 5578.10
1839000 5581.50
1840000 5584.90
1841000 5588.30
1842000 5591.70
1843000 5595.05
1844000 5598.45
1845000 5601.85
1846000 5605.25
1847000 5608.65
1848000 5612.00
1849000 5615.40
1850000 5618.80
1851000 5622.20
1852000 5625.60
1853000 5628.95
1854000 5632.35
1855000 5635.75
1856000 5639.15
1857000 5642.55
1858000 5645.90
1859000 5649.30
1860000 5652.70
1861000 5656.10
1862000 5659.50
1863000 5662.85
1864000 5666.25
1865000 5669.65
1866000 5673.05
1867000 5676.45
1868000 5679.80
1869000 5683.20
1870000 5686.60
1871000 5690.00
1872000 5693.40
1873000 5696.75
1874000 5700.15
1875000 5703.55
1876000 5706.95
1877000 5710.35
1878000 5713.70
1879000 5717.10
1880000 5720.50
1881000 5723.90
1882000 5727.30
1883000 5730.65
1884000 5734.05
1885000 5737.45
1886000 5740.85
1887000 5744.25
1888000 5747.60
1889000 5751.00
1890000 5754.40
1891000 5757.80
1892000 5761.20
1893000 5764.55
1894000 5767.95
1895000 5771.35
1896000 5774.75
1897000 5778.15
1898000 5781.50
1899000 5784.90
1900000 5788.30
1901000 5791.70
1902000 5795.10
1903000 5798.45
1904000 5801.85
1905000 5805.25
1906000 5808.65
1907000 5812.05
1908000 5815.40
1909000 5818.80
1910000 5822.20
1911000 5825.60
1912000 5829.00
1913000 5832.35
1914000 5835.75
1915000 5839.15
1916000 5842.55
1917000 5845.95
1918000 5849.30
1919000 5852.70
1920000 5856.10
1921000 5859.50
1922000 5862.90
1923000 5866.25
1924000 5869.65
1925000 5873.05
1926000 5876.45
1927000 5879.85
1928000 5883.20
1929000 5886.60
1930000 5890.00
1931000 5893.40
1932000 5896.80
1933000 5900.15
1934000 5903.55
1935000 5906.95
1936000 5910.35
1937000 5913.75
1938000 5917.10
1939000 5920.50
1940000 5923.90
1941000 5927.30
1942000 5930.70
1943000 5934.05
1944000 5937.45
1945000 5940.85
1946000 5944.25
1947000 5947.65
1948000 5951.00
1949000 5954.40
1950000 5957.80
1951000 5961.20
1952000 5964.60
1953000 5967.95
1954000 5971.35
1955000 5974.75
1956000 5978.15
1957000 5981.55
1958000 5984.90
1959000 5988.30
1960000 5991.70
1961000 5995.10
1962000 5998.50
1963000 6001.85
1964000 6005.25
1965000 6008.65
1966000 6012.05
1967000 6015.45
1968000 6018.80
1969000 6022.20
1970000 6025.60
1971000 6029.00
1972000 6032.40
1973000 6035.75
1974000 6039.15
1975000 6042.55
1976000 6045.95
1977000 6049.35
1978000 6052.70
1979000 6056.10
1980000 6059.50
1981000 6062.90
1982000 6066.30
1983000 6069.65
1984000 6073.05
1985000 6076.45
1986000 6079.85
1987000 6083.25
1988000 6086.60
1989000 6090.00
1990000 6093.40
1991000 6096.80
1992000 6100.20
1993000 6103.55
1994000 6106.95
1995000 6110.35
1996000 6113.75
1997000 6117.15
1998000 6120.50
1999000 6123.90
2000000 6127.30
