   100      1.00     1.000
   200      2.00     1.000
   300      3.00     1.000
   400      4.00     1.000
   500      5.00     1.000
   600      6.00     1.000
   700      7.00     1.000
   800      8.00     1.000
   900      9.00     1.000
  1000     10.00     1.000
  1100     11.00     1.000
  1200     12.00     1.000
  1300     13.00     1.000
  1400     14.00     1.000
  1500     15.00     1.000
  1600     16.00     1.000
  1700     18.00     1.059
  1800     20.00     1.111
  1900     22.00     1.158
  2000     24.00     1.200
  2100     26.00     1.238
  2200     28.00     1.273
  2300     30.00     1.304
  2400     32.00     1.333
  2500     34.00     1.360
  2600     36.00     1.385
  2700     38.00     1.407
  2800     40.00     1.429
  2900     42.00     1.448
  3000     44.00     1.467
  3100     46.00     1.484
  3200     48.00     1.500
  3300     50.00     1.515
  3400     52.00     1.529
  3500     55.00     1.571
  3600     58.00     1.611
  3700     61.00     1.649
  3800     64.00     1.684
  3900     67.00     1.718
  4000     70.00     1.750
  4100     73.00     1.780
  4200     76.00     1.810
  4300     79.00     1.837
  4400     82.00     1.864
  4500     85.00     1.889
  4600     88.00     1.913
  4700     91.00     1.936
  4800     94.00     1.958
  4900     97.00     1.980
  5000    100.00     2.000
  5100    103.00     2.020
  5200    107.00     2.058
  5300    111.00     2.094
  5400    115.00     2.130
  5500    119.00     2.164
  5600    123.00     2.196
  5700    127.00     2.228
  5800    131.00     2.259
  5900    135.00     2.288
  6000    139.00     2.317
  6100    143.00     2.344
  6200    147.00     2.371
  6300    151.00     2.397
  6400    155.00     2.422
  6500    159.00     2.446
  6600    163.00     2.470
  6700    167.00     2.493
  6800    171.00     2.515
  6900    175.00     2.536
  7000    179.00     2.557
  7100    183.00     2.577
  7200    187.00     2.597
  7300    191.00     2.616
  7400    195.00     2.635
  7500    199.00     2.653
  7600    203.00     2.671
  7700    207.00     2.688
  7800    211.00     2.705
  7900    215.00     2.722
  8000    219.00     2.737
  8100    223.00     2.753
  8200    227.00     2.768
  8300    231.00     2.783
  8400    236.00     2.810
  8500    241.00     2.835
  8600    246.00     2.860
  8700    251.00     2.885
  8800    256.00     2.909
  8900    261.00     2.933
  9000    266.00     2.956
  9100    271.00     2.978
  9200    276.00     3.000
  9300    281.00     3.022
  9400    286.00     3.043
  9500    291.00     3.063
  9600    296.00     3.083
  9700    301.00     3.103
  9800    306.00     3.122
  9900    311.00     3.141
 10000    316.00     3.160
 10100    321.00     3.178
 10200    326.00     3.196
 10300    331.00     3.214
 10400    336.00     3.231
 10500    341.00     3.248
 10600    346.00     3.264
 10700    351.00     3.280
 10800    356.00     3.296
 10900    361.00     3.312
 11000    366.00     3.327
 11100    371.00     3.342
 11200    376.00     3.357
 11300    381.00     3.372
 11400    386.00     3.386
 11500    391.00     3.400
 11600    396.00     3.414
 11700    401.00     3.427
 11800    406.00     3.441
 11900    411.00     3.454
 12000    417.00     3.475
 12100    423.00     3.496
 12200    429.00     3.516
 12300    435.00     3.537
 12400    441.00     3.556
 12500    447.00     3.576
 12600    453.00     3.595
 12700    459.00     3.614
 12800    465.00     3.633
 12900    471.00     3.651
 13000    477.00     3.669
 13100    483.00     3.687
 13200    489.00     3.705
 13300    495.00     3.722
 13400    501.00     3.739
 13500    507.00     3.756
 13600    513.00     3.772
 13700    519.00     3.788
 13800    525.00     3.804
 13900    531.00     3.820
 14000    537.00     3.836
 14100    543.00     3.851
 14200    549.00     3.866
 14300    555.00     3.881
 14400    561.00     3.896
 14500    567.00     3.910
 14600    573.00     3.925
 14700    579.00     3.939
 14800    585.00     3.953
 14900    591.00     3.966
 15000    597.00     3.980
 15100    603.00     3.993
 15200    610.00     4.013
 15300    617.00     4.033
 15400    624.00     4.052
 15500    631.00     4.071
 15600    638.00     4.090
 15700    645.00     4.108
 15800    652.00     4.127
 15900    659.00     4.145
 16000    666.00     4.162
 16100    673.00     4.180
 16200    680.00     4.198
 16300    687.00     4.215
 16400    694.00     4.232
 16500    701.00     4.248
 16600    708.00     4.265
 16700    715.00     4.281
 16800    722.00     4.298
 16900    729.00     4.314
 17000    736.00     4.329
 17100    743.00     4.345
 17200    750.00     4.360
 17300    757.00     4.376
 17400    764.00     4.391
 17500    771.00     4.406
 17600    778.00     4.420
 17700    785.00     4.435
 17800    792.00     4.449
 17900    799.00     4.464
 18000    806.00     4.478
 18100    813.00     4.492
 18200    820.00     4.505
 18300    827.00     4.519
 18400    834.00     4.533
 18500    841.00     4.546
 18600    848.00     4.559
 18700    855.00     4.572
 18800    862.00     4.585
 18900    869.00     4.598
 19000    876.00     4.611
 19100    883.00     4.623
 19200    890.00     4.635
 19300    897.00     4.648
 19400    904.00     4.660
 19500    911.00     4.672
 19600    918.00     4.684
 19700    925.00     4.695
 19800    932.00     4.707
 19900    939.00     4.719
 20000    946.00     4.730
 20100    953.00     4.741
 20200    960.00     4.752
 20300    967.00     4.764
 20400    974.00     4.775
 20500    981.00     4.785
 20600    988.00     4.796
 20700    995.00     4.807
 20800   1002.00     4.817
 20900   1009.00     4.828
 21000   1016.00     4.838
 21100   1023.00     4.848
 21200   1030.00     4.858
 21300   1037.00     4.869
 21400   1044.00     4.879
 21500   1051.00     4.888
 21600   1058.00     4.898
 21700   1065.00     4.908
 21800   1072.00     4.917
 21900   1079.00     4.927
 22000   1086.00     4.936
 22100   1093.00     4.946
 22200   1100.00     4.955
 22300   1107.00     4.964
 22400   1114.00     4.973
 22500   1121.00     4.982
 22600   1128.00     4.991
 22700   1135.00     5.000
 22800   1142.00     5.009
 22900   1149.00     5.017
 23000   1156.00     5.026
 23100   1163.00     5.035
 23200   1170.00     5.043
 23300   1177.00     5.052
 23400   1184.00     5.060
 23500   1191.00     5.068
 23600   1198.00     5.076
 23700   1206.00     5.089
 23800   1214.00     5.101
 23900   1222.00     5.113
 24000   1230.00     5.125
 24100   1238.00     5.137
 24200   1246.00     5.149
 24300   1254.00     5.160
 24400   1262.00     5.172
 24500   1270.00     5.184
 24600   1278.00     5.195
 24700   1286.00     5.206
 24800   1294.00     5.218
 24900   1302.00     5.229
 25000   1310.00     5.240
 25100   1318.00     5.251
 25200   1326.00     5.262
 25300   1334.00     5.273
 25400   1342.00     5.283
 25500   1350.00     5.294
 25600   1358.00     5.305
 25700   1366.00     5.315
 25800   1374.00     5.326
 25900   1382.00     5.336
 26000   1390.00     5.346
 26100   1398.00     5.356
 26200   1406.00     5.366
 26300   1414.00     5.376
 26400   1422.00     5.386
 26500   1430.00     5.396
 26600   1438.00     5.406
 26700   1446.00     5.416
 26800   1454.00     5.425
 26900   1462.00     5.435
 27000   1470.00     5.444
 27100   1478.00     5.454
 27200   1486.00     5.463
 27300   1494.00     5.473
 27400   1502.00     5.482
 27500   1510.00     5.491
 27600   1518.00     5.500
 27700   1526.00     5.509
 27800   1534.00     5.518
 27900   1542.00     5.527
 28000   1550.00     5.536
 28100   1558.00     5.544
 28200   1566.00     5.553
 28300   1574.00     5.562
 28400   1582.00     5.570
 28500   1590.00     5.579
 28600   1598.00     5.587
 28700   1606.00     5.596
 28800   1614.00     5.604
 28900   1622.00     5.612
 29000   1630.00     5.621
 29100   1638.00     5.629
 29200   1646.00     5.637
 29300   1654.00     5.645
 29400   1662.00     5.653
 29500   1670.00     5.661
 29600   1678.00     5.669
 29700   1686.00     5.677
 29800   1694.00     5.685
 29900   1702.00     5.692
 30000   1710.00     5.700
 30100   1718.00     5.708
 30200   1726.00     5.715
 30300   1734.00     5.723
 30400   1742.00     5.730
 30500   1750.00     5.738
 30600   1758.00     5.745
 30700   1766.00     5.752
 30800   1774.00     5.760
 30900   1782.00     5.767
 31000   1790.00     5.774
 31100   1798.00     5.781
 31200   1806.00     5.788
 31300   1814.00     5.796
 31400   1822.00     5.803
 31500   1830.00     5.810
 31600   1838.00     5.816
 31700   1846.00     5.823
 31800   1854.00     5.830
 31900   1862.00     5.837
 32000   1870.00     5.844
 32100   1878.00     5.850
 32200   1886.00     5.857
 32300   1894.00     5.864
 32400   1902.00     5.870
 32500   1910.00     5.877
 32600   1918.00     5.883
 32700   1926.00     5.890
 32800   1934.00     5.896
 32900   1942.00     5.903
 33000   1950.00     5.909
 33100   1958.00     5.915
 33200   1966.00     5.922
 33300   1974.00     5.928
 33400   1982.00     5.934
 33500   1990.00     5.940
 33600   1998.00     5.946
 33700   2006.00     5.953
 33800   2014.00     5.959
 33900   2022.00     5.965
 34000   2030.00     5.971
 34100   2038.00     5.977
 34200   2046.00     5.982
 34300   2054.00     5.988
 34400   2062.00     5.994
 34500   2070.00     6.000
 34600   2078.00     6.006
 34700   2086.00     6.012
 34800   2094.00     6.017
 34900   2102.00     6.023
 35000   2110.00     6.029
 35100   2118.00     6.034
 35200   2126.00     6.040
 35300   2134.00     6.045
 35400   2142.00     6.051
 35500   2150.00     6.056
 35600   2158.00     6.062
 35700   2166.00     6.067
 35800   2174.00     6.073
 35900   2182.00     6.078
 36000   2190.00     6.083
 36100   2198.00     6.089
 36200   2206.00     6.094
 36300   2214.00     6.099
 36400   2222.00     6.104
 36500   2230.00     6.110
 36600   2238.00     6.115
 36700   2246.00     6.120
 36800   2254.00     6.125
 36900   2262.00     6.130
 37000   2270.00     6.135
 37100   2278.00     6.140
 37200   2286.00     6.145
 37300   2294.00     6.150
 37400   2302.00     6.155
 37500   2310.00     6.160
 37600   2318.00     6.165
 37700   2326.00     6.170
 37800   2334.00     6.175
 37900   2342.00     6.179
 38000   2350.00     6.184
 38100   2358.00     6.189
 38200   2366.00     6.194
 38300   2374.00     6.198
 38400   2382.00     6.203
 38500   2390.00     6.208
 38600   2398.00     6.212
 38700   2406.00     6.217
 38800   2414.00     6.222
 38900   2422.00     6.226
 39000   2430.00     6.231
 39100   2438.00     6.235
 39200   2446.00     6.240
 39300   2454.00     6.244
 39400   2462.00     6.249
 39500   2470.00     6.253
 39600   2478.00     6.258
 39700   2486.00     6.262
 39800   2494.00     6.266
 39900   2502.00     6.271
 40000   2510.00     6.275
 40100   2518.00     6.279
 40200   2526.00     6.284
 40300   2534.00     6.288
 40400   2542.00     6.292
 40500   2550.00     6.296
 40600   2559.00     6.303
 40700   2568.00     6.310
 40800   2577.00     6.316
 40900   2586.00     6.323
 41000   2595.00     6.329
 41100   2604.00     6.336
 41200   2613.00     6.342
 41300   2622.00     6.349
 41400   2631.00     6.355
 41500   2640.00     6.361
 41600   2649.00     6.368
 41700   2658.00     6.374
 41800   2667.00     6.380
 41900   2676.00     6.387
 42000   2685.00     6.393
 42100   2694.00     6.399
 42200   2703.00     6.405
 42300   2712.00     6.411
 42400   2721.00     6.417
 42500   2730.00     6.424
 42600   2739.00     6.430
 42700   2748.00     6.436
 42800   2757.00     6.442
 42900   2766.00     6.448
 43000   2775.00     6.453
 43100   2784.00     6.459
 43200   2793.00     6.465
 43300   2802.00     6.471
 43400   2811.00     6.477
 43500   2820.00     6.483
 43600   2829.00     6.489
 43700   2838.00     6.494
 43800   2847.00     6.500
 43900   2856.00     6.506
 44000   2865.00     6.511
 44100   2874.00     6.517
 44200   2883.00     6.523
 44300   2892.00     6.528
 44400   2901.00     6.534
 44500   2910.00     6.539
 44600   2919.00     6.545
 44700   2928.00     6.550
 44800   2937.00     6.556
 44900   2946.00     6.561
 45000   2955.00     6.567
 45100   2964.00     6.572
 45200   2973.00     6.577
 45300   2982.00     6.583
 45400   2991.00     6.588
 45500   3000.00     6.593
 45600   3009.00     6.599
 45700   3018.00     6.604
 45800   3027.00     6.609
 45900   3036.00     6.614
 46000   3045.00     6.620
 46100   3054.00     6.625
 46200   3063.00     6.630
 46300   3072.00     6.635
 46400   3081.00     6.640
 46500   3090.00     6.645
 46600   3099.00     6.650
 46700   3108.00     6.655
 46800   3117.00     6.660
 46900   3126.00     6.665
 47000   3135.00     6.670
 47100   3144.00     6.675
 47200   3153.00     6.680
 47300   3162.00     6.685
 47400   3171.00     6.690
 47500   3180.00     6.695
 47600   3189.00     6.700
 47700   3198.00     6.704
 47800   3207.00     6.709
 47900   3216.00     6.714
 48000   3225.00     6.719
 48100   3234.00     6.723
 48200   3243.00     6.728
 48300   3252.00     6.733
 48400   3261.00     6.738
 48500   3270.00     6.742
 48600   3279.00     6.747
 48700   3288.00     6.752
 48800   3297.00     6.756
 48900   3306.00     6.761
 49000   3315.00     6.765
 49100   3324.00     6.770
 49200   3333.00     6.774
 49300   3342.00     6.779
 49400   3351.00     6.783
 49500   3360.00     6.788
 49600   3369.00     6.792
 49700   3378.00     6.797
 49800   3387.00     6.801
 49900   3396.00     6.806
 50000   3405.00     6.810
 50100   3414.00     6.814
 50200   3423.00     6.819
 50300   3432.00     6.823
 50400   3441.00     6.827
 50500   3450.00     6.832
 50600   3459.00     6.836
 50700   3468.00     6.840
 50800   3477.00     6.844
 50900   3486.00     6.849
 51000   3495.00     6.853
 51100   3504.00     6.857
 51200   3513.00     6.861
 51300   3522.00     6.865
 51400   3531.00     6.870
 51500   3540.00     6.874
 51600   3549.00     6.878
 51700   3558.00     6.882
 51800   3567.00     6.886
 51900   3576.00     6.890
 52000   3585.00     6.894
 52100   3594.00     6.898
 52200   3603.00     6.902
 52300   3612.00     6.906
 52400   3621.00     6.910
 52500   3630.00     6.914
 52600   3639.00     6.918
 52700   3648.00     6.922
 52800   3657.00     6.926
 52900   3666.00     6.930
 53000   3675.00     6.934
 53100   3684.00     6.938
 53200   3693.00     6.942
 53300   3702.00     6.946
 53400   3711.00     6.949
 53500   3720.00     6.953
 53600   3729.00     6.957
 53700   3738.00     6.961
 53800   3747.00     6.965
 53900   3756.00     6.968
 54000   3765.00     6.972
 54100   3774.00     6.976
 54200   3783.00     6.980
 54300   3792.00     6.983
 54400   3801.00     6.987
 54500   3810.00     6.991
 54600   3819.00     6.995
 54700   3828.00     6.998
 54800   3837.00     7.002
 54900   3846.00     7.005
 55000   3855.00     7.009
 55100   3864.00     7.013
 55200   3873.00     7.016
 55300   3882.00     7.020
 55400   3891.00     7.023
 55500   3900.00     7.027
 55600   3909.00     7.031
 55700   3918.00     7.034
 55800   3927.00     7.038
 55900   3936.00     7.041
 56000   3945.00     7.045
 56100   3954.00     7.048
 56200   3963.00     7.052
 56300   3972.00     7.055
 56400   3981.00     7.059
 56500   3990.00     7.062
 56600   3999.00     7.065
 56700   4008.00     7.069
 56800   4017.00     7.072
 56900   4026.00     7.076
 57000   4035.00     7.079
 57100   4044.00     7.082
 57200   4053.00     7.086
 57300   4063.00     7.091
 57400   4073.00     7.096
 57500   4083.00     7.101
 57600   4093.00     7.106
 57700   4103.00     7.111
 57800   4113.00     7.116
 57900   4123.00     7.121
 58000   4133.00     7.126
 58100   4143.00     7.131
 58200   4153.00     7.136
 58300   4163.00     7.141
 58400   4173.00     7.146
 58500   4183.00     7.150
 58600   4193.00     7.155
 58700   4203.00     7.160
 58800   4213.00     7.165
 58900   4223.00     7.170
 59000   4233.00     7.175
 59100   4243.00     7.179
 59200   4253.00     7.184
 59300   4263.00     7.189
 59400   4273.00     7.194
 59500   4283.00     7.198
 59600   4293.00     7.203
 59700   4303.00     7.208
 59800   4313.00     7.212
 59900   4323.00     7.217
 60000   4333.00     7.222
 60100   4343.00     7.226
 60200   4353.00     7.231
 60300   4363.00     7.235
 60400   4373.00     7.240
 60500   4383.00     7.245
 60600   4393.00     7.249
 60700   4403.00     7.254
 60800   4413.00     7.258
 60900   4423.00     7.263
 61000   4433.00     7.267
 61100   4443.00     7.272
 61200   4453.00     7.276
 61300   4463.00     7.281
 61400   4473.00     7.285
 61500   4483.00     7.289
 61600   4493.00     7.294
 61700   4503.00     7.298
 61800   4513.00     7.303
 61900   4523.00     7.307
 62000   4533.00     7.311
 62100   4543.00     7.316
 62200   4553.00     7.320
 62300   4563.00     7.324
 62400   4573.00     7.329
 62500   4583.00     7.333
 62600   4593.00     7.337
 62700   4603.00     7.341
 62800   4613.00     7.346
 62900   4623.00     7.350
 63000   4633.00     7.354
 63100   4643.00     7.358
 63200   4653.00     7.362
 63300   4663.00     7.367
 63400   4673.00     7.371
 63500   4683.00     7.375
 63600   4693.00     7.379
 63700   4703.00     7.383
 63800   4713.00     7.387
 63900   4723.00     7.391
 64000   4733.00     7.395
 64100   4743.00     7.399
 64200   4753.00     7.403
 64300   4763.00     7.407
 64400   4773.00     7.411
 64500   4783.00     7.416
 64600   4793.00     7.420
 64700   4803.00     7.423
 64800   4813.00     7.427
 64900   4823.00     7.431
 65000   4833.00     7.435
 65100   4843.00     7.439
 65200   4853.00     7.443
 65300   4863.00     7.447
 65400   4873.00     7.451
 65500   4883.00     7.455
 65600   4893.00     7.459
 65700   4903.00     7.463
 65800   4913.00     7.467
 65900   4923.00     7.470
 66000   4933.00     7.474
 66100   4943.00     7.478
 66200   4953.00     7.482
 66300   4963.00     7.486
 66400   4973.00     7.489
 66500   4983.00     7.493
 66600   4993.00     7.497
 66700   5003.00     7.501
 66800   5013.00     7.504
 66900   5023.00     7.508
 67000   5033.00     7.512
 67100   5043.00     7.516
 67200   5053.00     7.519
 67300   5063.00     7.523
 67400   5073.00     7.527
 67500   5083.00     7.530
 67600   5093.00     7.534
 67700   5103.00     7.538
 67800   5113.00     7.541
 67900   5123.00     7.545
 68000   5133.00     7.549
 68100   5143.00     7.552
 68200   5153.00     7.556
 68300   5163.00     7.559
 68400   5173.00     7.563
 68500   5183.00     7.566
 68600   5193.00     7.570
 68700   5203.00     7.574
 68800   5213.00     7.577
 68900   5223.00     7.581
 69000   5233.00     7.584
 69100   5243.00     7.588
 69200   5253.00     7.591
 69300   5263.00     7.595
 69400   5273.00     7.598
 69500   5283.00     7.601
 69600   5293.00     7.605
 69700   5303.00     7.608
 69800   5313.00     7.612
 69900   5323.00     7.615
 70000   5333.00     7.619
 70100   5343.00     7.622
 70200   5353.00     7.625
 70300   5363.00     7.629
 70400   5373.00     7.632
 70500   5383.00     7.635
 70600   5393.00     7.639
 70700   5403.00     7.642
 70800   5413.00     7.645
 70900   5423.00     7.649
 71000   5433.00     7.652
 71100   5443.00     7.655
 71200   5453.00     7.659
 71300   5463.00     7.662
 71400   5473.00     7.665
 71500   5483.00     7.669
 71600   5493.00     7.672
 71700   5503.00     7.675
 71800   5513.00     7.678
 71900   5523.00     7.682
 72000   5533.00     7.685
 72100   5543.00     7.688
 72200   5553.00     7.691
 72300   5563.00     7.694
 72400   5573.00     7.698
 72500   5583.00     7.701
 72600   5593.00     7.704
 72700   5603.00     7.707
 72800   5613.00     7.710
 72900   5623.00     7.713
 73000   5633.00     7.716
 73100   5643.00     7.720
 73200   5653.00     7.723
 73300   5663.00     7.726
 73400   5673.00     7.729
 73500   5683.00     7.732
 73600   5693.00     7.735
 73700   5703.00     7.738
 73800   5713.00     7.741
 73900   5723.00     7.744
 74000   5733.00     7.747
 74100   5743.00     7.750
 74200   5753.00     7.753
 74300   5763.00     7.756
 74400   5774.00     7.761
 74500   5785.00     7.765
 74600   5796.00     7.769
 74700   5807.00     7.774
 74800   5818.00     7.778
 74900   5829.00     7.782
 75000   5840.00     7.787
 75100   5851.00     7.791
 75200   5862.00     7.795
 75300   5873.00     7.799
 75400   5884.00     7.804
 75500   5895.00     7.808
 75600   5906.00     7.812
 75700   5917.00     7.816
 75800   5928.00     7.821
 75900   5939.00     7.825
 76000   5950.00     7.829
 76100   5961.00     7.833
 76200   5972.00     7.837
 76300   5983.00     7.841
 76400   5994.00     7.846
 76500   6005.00     7.850
 76600   6016.00     7.854
 76700   6027.00     7.858
 76800   6038.00     7.862
 76900   6049.00     7.866
 77000   6060.00     7.870
 77100   6071.00     7.874
 77200   6082.00     7.878
 77300   6093.00     7.882
 77400   6104.00     7.886
 77500   6115.00     7.890
 77600   6126.00     7.894
 77700   6137.00     7.898
 77800   6148.00     7.902
 77900   6159.00     7.906
 78000   6170.00     7.910
 78100   6181.00     7.914
 78200   6192.00     7.918
 78300   6203.00     7.922
 78400   6214.00     7.926
 78500   6225.00     7.930
 78600   6236.00     7.934
 78700   6247.00     7.938
 78800   6258.00     7.942
 78900   6269.00     7.946
 79000   6280.00     7.949
 79100   6291.00     7.953
 79200   6302.00     7.957
 79300   6313.00     7.961
 79400   6324.00     7.965
 79500   6335.00     7.969
 79600   6346.00     7.972
 79700   6357.00     7.976
 79800   6368.00     7.980
 79900   6379.00     7.984
 80000   6390.00     7.988
 80100   6401.00     7.991
 80200   6412.00     7.995
 80300   6423.00     7.999
 80400   6434.00     8.002
 80500   6445.00     8.006
 80600   6456.00     8.010
 80700   6467.00     8.014
 80800   6478.00     8.017
 80900   6489.00     8.021
 81000   6500.00     8.025
 81100   6511.00     8.028
 81200   6522.00     8.032
 81300   6533.00     8.036
 81400   6544.00     8.039
 81500   6555.00     8.043
 81600   6566.00     8.047
 81700   6577.00     8.050
 81800   6588.00     8.054
 81900   6599.00     8.057
 82000   6610.00     8.061
 82100   6621.00     8.065
 82200   6632.00     8.068
 82300   6643.00     8.072
 82400   6654.00     8.075
 82500   6665.00     8.079
 82600   6676.00     8.082
 82700   6687.00     8.086
 82800   6698.00     8.089
 82900   6709.00     8.093
 83000   6720.00     8.096
 83100   6731.00     8.100
 83200   6742.00     8.103
 83300   6753.00     8.107
 83400   6764.00     8.110
 83500   6775.00     8.114
 83600   6786.00     8.117
 83700   6797.00     8.121
 83800   6808.00     8.124
 83900   6819.00     8.128
 84000   6830.00     8.131
 84100   6841.00     8.134
 84200   6852.00     8.138
 84300   6863.00     8.141
 84400   6874.00     8.145
 84500   6885.00     8.148
 84600   6896.00     8.151
 84700   6907.00     8.155
 84800   6918.00     8.158
 84900   6929.00     8.161
 85000   6940.00     8.165
 85100   6951.00     8.168
 85200   6962.00     8.171
 85300   6973.00     8.175
 85400   6984.00     8.178
 85500   6995.00     8.181
 85600   7006.00     8.185
 85700   7017.00     8.188
 85800   7028.00     8.191
 85900   7039.00     8.194
 86000   7050.00     8.198
 86100   7061.00     8.201
 86200   7072.00     8.204
 86300   7083.00     8.207
 86400   7094.00     8.211
 86500   7105.00     8.214
 86600   7116.00     8.217
 86700   7127.00     8.220
 86800   7138.00     8.224
 86900   7149.00     8.227
 87000   7160.00     8.230
 87100   7171.00     8.233
 87200   7182.00     8.236
 87300   7193.00     8.239
 87400   7204.00     8.243
 87500   7215.00     8.246
 87600   7226.00     8.249
 87700   7237.00     8.252
 87800   7248.00     8.255
 87900   7259.00     8.258
 88000   7270.00     8.261
 88100   7281.00     8.264
 88200   7292.00     8.268
 88300   7303.00     8.271
 88400   7314.00     8.274
 88500   7325.00     8.277
 88600   7336.00     8.280
 88700   7347.00     8.283
 88800   7358.00     8.286
 88900   7369.00     8.289
 89000   7380.00     8.292
 89100   7391.00     8.295
 89200   7402.00     8.298
 89300   7413.00     8.301
 89400   7424.00     8.304
 89500   7435.00     8.307
 89600   7446.00     8.310
 89700   7457.00     8.313
 89800   7468.00     8.316
 89900   7479.00     8.319
 90000   7490.00     8.322
 90100   7501.00     8.325
 90200   7512.00     8.328
 90300   7523.00     8.331
 90400   7534.00     8.334
 90500   7545.00     8.337
 90600   7556.00     8.340
 90700   7567.00     8.343
 90800   7578.00     8.346
 90900   7589.00     8.349
 91000   7600.00     8.352
 91100   7611.00     8.355
 91200   7623.00     8.359
 91300   7635.00     8.363
 91400   7647.00     8.367
 91500   7659.00     8.370
 91600   7671.00     8.374
 91700   7683.00     8.378
 91800   7695.00     8.382
 91900   7707.00     8.386
 92000   7719.00     8.390
 92100   7731.00     8.394
 92200   7743.00     8.398
 92300   7755.00     8.402
 92400   7767.00     8.406
 92500   7779.00     8.410
 92600   7791.00     8.414
 92700   7803.00     8.417
 92800   7815.00     8.421
 92900   7827.00     8.425
 93000   7839.00     8.429
 93100   7851.00     8.433
 93200   7863.00     8.437
 93300   7875.00     8.441
 93400   7887.00     8.444
 93500   7899.00     8.448
 93600   7911.00     8.452
 93700   7923.00     8.456
 93800   7935.00     8.459
 93900   7947.00     8.463
 94000   7959.00     8.467
 94100   7971.00     8.471
 94200   7983.00     8.475
 94300   7995.00     8.478
 94400   8007.00     8.482
 94500   8019.00     8.486
 94600   8031.00     8.489
 94700   8043.00     8.493
 94800   8055.00     8.497
 94900   8067.00     8.501
 95000   8079.00     8.504
 95100   8091.00     8.508
 95200   8103.00     8.512
 95300   8115.00     8.515
 95400   8127.00     8.519
 95500   8139.00     8.523
 95600   8151.00     8.526
 95700   8163.00     8.530
 95800   8175.00     8.533
 95900   8187.00     8.537
 96000   8199.00     8.541
 96100   8211.00     8.544
 96200   8223.00     8.548
 96300   8235.00     8.551
 96400   8247.00     8.555
 96500   8259.00     8.559
 96600   8271.00     8.562
 96700   8283.00     8.566
 96800   8295.00     8.569
 96900   8307.00     8.573
 97000   8319.00     8.576
 97100   8331.00     8.580
 97200   8343.00     8.583
 97300   8355.00     8.587
 97400   8367.00     8.590
 97500   8379.00     8.594
 97600   8391.00     8.597
 97700   8403.00     8.601
 97800   8415.00     8.604
 97900   8427.00     8.608
 98000   8439.00     8.611
 98100   8451.00     8.615
 98200   8463.00     8.618
 98300   8475.00     8.622
 98400   8487.00     8.625
 98500   8499.00     8.628
 98600   8511.00     8.632
 98700   8523.00     8.635
 98800   8535.00     8.639
 98900   8547.00     8.642
 99000   8559.00     8.645
 99100   8571.00     8.649
 99200   8583.00     8.652
 99300   8595.00     8.656
 99400   8607.00     8.659
 99500   8619.00     8.662
 99600   8631.00     8.666
 99700   8643.00     8.669
 99800   8655.00     8.672
 99900   8667.00     8.676
100000   8679.00     8.679
100100   8691.00     8.682
100200   8703.00     8.686
100300   8715.00     8.689
100400   8727.00     8.692
100500   8739.00     8.696
100600   8751.00     8.699
100700   8763.00     8.702
100800   8775.00     8.705
100900   8787.00     8.709
101000   8799.00     8.712
101100   8811.00     8.715
101200   8823.00     8.718
101300   8835.00     8.722
101400   8847.00     8.725
101500   8859.00     8.728
101600   8871.00     8.731
101700   8883.00     8.735
101800   8895.00     8.738
101900   8907.00     8.741
102000   8919.00     8.744
102100   8931.00     8.747
102200   8943.00     8.750
102300   8955.00     8.754
102400   8967.00     8.757
102500   8979.00     8.760
102600   8991.00     8.763
102700   9003.00     8.766
102800   9015.00     8.769
102900   9027.00     8.773
103000   9039.00     8.776
103100   9051.00     8.779
103200   9063.00     8.782
103300   9075.00     8.785
103400   9087.00     8.788
103500   9099.00     8.791
103600   9111.00     8.794
103700   9123.00     8.797
103800   9135.00     8.801
103900   9147.00     8.804
104000   9159.00     8.807
104100   9171.00     8.810
104200   9183.00     8.813
104300   9195.00     8.816
104400   9207.00     8.819
104500   9219.00     8.822
104600   9231.00     8.825
104700   9243.00     8.828
104800   9255.00     8.831
104900   9267.00     8.834
105000   9279.00     8.837
105100   9291.00     8.840
105200   9303.00     8.843
105300   9315.00     8.846
105400   9327.00     8.849
105500   9339.00     8.852
105600   9351.00     8.855
105700   9363.00     8.858
105800   9375.00     8.861
105900   9387.00     8.864
106000   9399.00     8.867
106100   9411.00     8.870
106200   9423.00     8.873
106300   9435.00     8.876
106400   9447.00     8.879
106500   9459.00     8.882
106600   9471.00     8.885
106700   9483.00     8.888
106800   9495.00     8.890
106900   9507.00     8.893
107000   9519.00     8.896
107100   9531.00     8.899
107200   9543.00     8.902
107300   9555.00     8.905
107400   9567.00     8.908
107500   9579.00     8.911
107600   9591.00     8.914
107700   9603.00     8.916
107800   9615.00     8.919
107900   9627.00     8.922
108000   9639.00     8.925
108100   9651.50     8.928
108200   9664.00     8.932
108300   9676.50     8.935
108400   9689.00     8.938
108500   9701.50     8.941
108600   9714.00     8.945
108700   9726.50     8.948
108800   9739.00     8.951
108900   9751.50     8.955
109000   9764.00     8.958
109100   9776.50     8.961
109200   9789.00     8.964
109300   9801.50     8.968
109400   9814.00     8.971
109500   9826.50     8.974
109600   9839.00     8.977
109700   9851.50     8.980
109800   9864.00     8.984
109900   9876.50     8.987
110000   9889.00     8.990
110100   9901.50     8.993
110200   9914.00     8.996
110300   9926.50     9.000
110400   9939.00     9.003
110500   9951.50     9.006
110600   9964.00     9.009
110700   9976.50     9.012
110800   9989.00     9.015
110900  10001.50     9.018
111000  10014.00     9.022
111100  10026.50     9.025
111200  10039.00     9.028
111300  10051.50     9.031
111400  10064.00     9.034
111500  10076.50     9.037
111600  10089.00     9.040
111700  10101.50     9.043
111800  10114.00     9.047
111900  10126.50     9.050
112000  10139.00     9.053
112100  10151.50     9.056
112200  10164.00     9.059
112300  10176.50     9.062
112400  10189.00     9.065
112500  10201.50     9.068
112600  10214.00     9.071
112700  10226.50     9.074
112800  10239.00     9.077
112900  10251.50     9.080
113000  10264.00     9.083
113100  10276.50     9.086
113200  10289.00     9.089
113300  10301.50     9.092
113400  10314.00     9.095
113500  10326.50     9.098
113600  10339.00     9.101
113700  10351.50     9.104
113800  10364.00     9.107
113900  10376.50     9.110
114000  10389.00     9.113
114100  10401.50     9.116
114200  10414.00     9.119
114300  10426.50     9.122
114400  10439.00     9.125
114500  10451.50     9.128
114600  10464.00     9.131
114700  10476.50     9.134
114800  10489.00     9.137
114900  10501.50     9.140
115000  10514.00     9.143
115100  10526.50     9.146
115200  10539.00     9.148
115300  10551.50     9.151
115400  10564.00     9.154
115500  10576.50     9.157
115600  10589.00     9.160
115700  10601.50     9.163
115800  10614.00     9.166
115900  10626.50     9.169
116000  10639.00     9.172
116100  10651.50     9.174
116200  10664.00     9.177
116300  10676.50     9.180
116400  10689.00     9.183
116500  10701.50     9.186
116600  10714.00     9.189
116700  10726.50     9.192
116800  10739.00     9.194
116900  10751.50     9.197
117000  10764.00     9.200
117100  10776.50     9.203
117200  10789.00     9.206
117300  10801.50     9.208
117400  10814.00     9.211
117500  10826.50     9.214
117600  10839.00     9.217
117700  10851.50     9.220
117800  10864.00     9.222
117900  10876.50     9.225
118000  10889.00     9.228
118100  10901.50     9.231
118200  10914.00     9.234
118300  10926.50     9.236
118400  10939.00     9.239
118500  10951.50     9.242
118600  10964.00     9.245
118700  10976.50     9.247
118800  10989.00     9.250
118900  11001.50     9.253
119000  11014.00     9.255
119100  11026.50     9.258
119200  11039.00     9.261
119300  11051.50     9.264
119400  11064.00     9.266
119500  11076.50     9.269
119600  11089.00     9.272
119700  11101.50     9.274
119800  11114.00     9.277
119900  11126.50     9.280
120000  11139.00     9.283
120100  11151.50     9.285
120200  11164.00     9.288
120300  11176.50     9.291
120400  11189.00     9.293
120500  11201.50     9.296
120600  11214.00     9.299
120700  11226.50     9.301
120800  11239.00     9.304
120900  11251.50     9.306
121000  11264.00     9.309
121100  11276.50     9.312
121200  11289.00     9.314
121300  11301.50     9.317
121400  11314.00     9.320
121500  11326.50     9.322
121600  11339.00     9.325
121700  11351.50     9.327
121800  11364.00     9.330
121900  11376.50     9.333
122000  11389.00     9.335
122100  11401.50     9.338
122200  11414.00     9.340
122300  11426.50     9.343
122400  11439.00     9.346
122500  11451.50     9.348
122600  11464.00     9.351
122700  11476.50     9.353
122800  11489.00     9.356
122900  11501.50     9.358
123000  11514.00     9.361
123100  11526.50     9.364
123200  11539.00     9.366
123300  11551.50     9.369
123400  11564.00     9.371
123500  11576.50     9.374
123600  11589.00     9.376
123700  11601.50     9.379
123800  11614.00     9.381
123900  11626.50     9.384
124000  11639.00     9.386
124100  11651.50     9.389
124200  11664.00     9.391
124300  11676.50     9.394
124400  11689.00     9.396
124500  11701.50     9.399
124600  11714.00     9.401
124700  11726.50     9.404
124800  11739.00     9.406
124900  11751.50     9.409
125000  11764.00     9.411
125100  11776.50     9.414
125200  11789.00     9.416
125300  11801.50     9.419
125400  11814.00     9.421
125500  11826.50     9.424
125600  11839.00     9.426
125700  11851.50     9.428
125800  11864.00     9.431
125900  11876.50     9.433
126000  11889.00     9.436
126100  11901.50     9.438
126200  11914.00     9.441
126300  11926.50     9.443
126400  11939.00     9.445
126500  11951.50     9.448
126600  11964.00     9.450
126700  11976.50     9.453
126800  11989.00     9.455
126900  12001.50     9.457
127000  12014.00     9.460
127100  12026.50     9.462
127200  12039.00     9.465
127300  12051.50     9.467
127400  12064.00     9.469
127500  12076.50     9.472
127600  12089.00     9.474
127700  12101.50     9.477
127800  12114.00     9.479
127900  12126.50     9.481
128000  12139.00     9.484
128100  12151.50     9.486
128200  12164.00     9.488
128300  12176.50     9.491
128400  12189.00     9.493
128500  12201.50     9.495
128600  12214.00     9.498
128700  12226.50     9.500
128800  12239.00     9.502
128900  12251.50     9.505
129000  12264.00     9.507
129100  12276.50     9.509
129200  12289.00     9.512
129300  12301.50     9.514
129400  12314.00     9.516
129500  12326.50     9.519
129600  12339.00     9.521
129700  12351.50     9.523
129800  12364.00     9.525
129900  12376.50     9.528
130000  12389.00     9.530
130100  12401.50     9.532
130200  12414.00     9.535
130300  12426.50     9.537
130400  12439.00     9.539
130500  12451.50     9.541
130600  12464.00     9.544
130700  12476.50     9.546
130800  12489.00     9.548
130900  12501.50     9.550
131000  12514.00     9.553
131100  12526.50     9.555
131200  12539.00     9.557
131300  12551.50     9.559
131400  12564.00     9.562
131500  12576.50     9.564
131600  12589.00     9.566
131700  12601.50     9.568
131800  12614.00     9.571
131900  12626.50     9.573
132000  12639.00     9.575
132100  12651.50     9.577
132200  12664.00     9.579
132300  12676.50     9.582
132400  12689.00     9.584
132500  12701.50     9.586
132600  12714.00     9.588
132700  12726.50     9.590
132800  12739.00     9.593
132900  12751.50     9.595
133000  12764.00     9.597
133100  12776.50     9.599
133200  12789.00     9.601
133300  12801.50     9.604
133400  12814.00     9.606
133500  12826.50     9.608
133600  12839.00     9.610
133700  12851.50     9.612
133800  12864.00     9.614
133900  12876.50     9.617
134000  12889.00     9.619
134100  12901.50     9.621
134200  12914.00     9.623
134300  12926.50     9.625
134400  12939.00     9.627
134500  12951.50     9.629
134600  12964.00     9.632
134700  12976.50     9.634
134800  12989.00     9.636
134900  13001.50     9.638
135000  13014.50     9.640
135100  13027.50     9.643
135200  13040.50     9.645
135300  13053.50     9.648
135400  13066.50     9.650
135500  13079.50     9.653
135600  13092.50     9.655
135700  13105.50     9.658
135800  13118.50     9.660
135900  13131.50     9.663
136000  13144.50     9.665
136100  13157.50     9.668
136200  13170.50     9.670
136300  13183.50     9.672
136400  13196.50     9.675
136500  13209.50     9.677
136600  13222.50     9.680
136700  13235.50     9.682
136800  13248.50     9.685
136900  13261.50     9.687
137000  13274.50     9.689
137100  13287.50     9.692
137200  13300.50     9.694
137300  13313.50     9.697
137400  13326.50     9.699
137500  13339.50     9.701
137600  13352.50     9.704
137700  13365.50     9.706
137800  13378.50     9.709
137900  13391.50     9.711
138000  13404.50     9.713
138100  13417.50     9.716
138200  13430.50     9.718
138300  13443.50     9.721
138400  13456.50     9.723
138500  13469.50     9.725
138600  13482.50     9.728
138700  13495.50     9.730
138800  13508.50     9.732
138900  13521.50     9.735
139000  13534.50     9.737
139100  13547.50     9.739
139200  13560.50     9.742
139300  13573.50     9.744
139400  13586.50     9.746
139500  13599.50     9.749
139600  13612.50     9.751
139700  13625.50     9.753
139800  13638.50     9.756
139900  13651.50     9.758
140000  13664.50     9.760
140100  13677.50     9.763
140200  13690.50     9.765
140300  13703.50     9.767
140400  13716.50     9.770
140500  13729.50     9.772
140600  13742.50     9.774
140700  13755.50     9.776
140800  13768.50     9.779
140900  13781.50     9.781
141000  13794.50     9.783
141100  13807.50     9.786
141200  13820.50     9.788
141300  13833.50     9.790
141400  13846.50     9.792
141500  13859.50     9.795
141600  13872.50     9.797
141700  13885.50     9.799
141800  13898.50     9.801
141900  13911.50     9.804
142000  13924.50     9.806
142100  13937.50     9.808
142200  13950.50     9.810
142300  13963.50     9.813
142400  13976.50     9.815
142500  13989.50     9.817
142600  14002.50     9.819
142700  14015.50     9.822
142800  14028.50     9.824
142900  14041.50     9.826
143000  14054.50     9.828
143100  14067.50     9.831
143200  14080.50     9.833
143300  14093.50     9.835
143400  14106.50     9.837
143500  14119.50     9.839
143600  14132.50     9.842
143700  14145.50     9.844
143800  14158.50     9.846
143900  14171.50     9.848
144000  14184.50     9.850
144100  14197.50     9.853
144200  14210.50     9.855
144300  14223.50     9.857
144400  14236.50     9.859
144500  14249.50     9.861
144600  14262.50     9.863
144700  14275.50     9.866
144800  14288.50     9.868
144900  14301.50     9.870
145000  14314.50     9.872
145100  14327.50     9.874
145200  14340.50     9.876
145300  14353.50     9.879
145400  14366.50     9.881
145500  14379.50     9.883
145600  14392.50     9.885
145700  14405.50     9.887
145800  14418.50     9.889
145900  14431.50     9.891
146000  14444.50     9.893
146100  14457.50     9.896
146200  14470.50     9.898
146300  14483.50     9.900
146400  14496.50     9.902
146500  14509.50     9.904
146600  14522.50     9.906
146700  14535.50     9.908
146800  14548.50     9.910
146900  14561.50     9.913
147000  14574.50     9.915
147100  14587.50     9.917
147200  14600.50     9.919
147300  14613.50     9.921
147400  14626.50     9.923
147500  14639.50     9.925
147600  14652.50     9.927
147700  14665.50     9.929
147800  14678.50     9.931
147900  14691.50     9.933
148000  14704.50     9.935
148100  14717.50     9.938
148200  14730.50     9.940
148300  14743.50     9.942
148400  14756.50     9.944
148500  14769.50     9.946
148600  14782.50     9.948
148700  14795.50     9.950
148800  14808.50     9.952
148900  14821.50     9.954
149000  14834.50     9.956
149100  14847.50     9.958
149200  14860.50     9.960
149300  14873.50     9.962
149400  14886.50     9.964
149500  14899.50     9.966
149600  14912.50     9.968
149700  14925.50     9.970
149800  14938.50     9.972
149900  14951.50     9.974
150000  14964.50     9.976
150100  14977.50     9.978
150200  14990.50     9.980
150300  15003.50     9.982
150400  15016.50     9.984
150500  15029.50     9.986
150600  15042.50     9.988
150700  15055.50     9.990
150800  15068.50     9.992
150900  15081.50     9.994
151000  15094.50     9.996
151100  15107.50     9.998
151200  15120.50    10.000
151300  15133.50    10.002
151400  15146.50    10.004
151500  15159.50    10.006
151600  15172.50    10.008
151700  15185.50    10.010
151800  15198.50    10.012
151900  15211.50    10.014
152000  15224.50    10.016
152100  15237.50    10.018
152200  15250.50    10.020
152300  15263.50    10.022
152400  15276.50    10.024
152500  15289.50    10.026
152600  15302.50    10.028
152700  15315.50    10.030
152800  15328.50    10.032
152900  15341.50    10.034
153000  15354.50    10.036
153100  15367.50    10.038
153200  15380.50    10.039
153300  15393.50    10.041
153400  15406.50    10.043
153500  15419.50    10.045
153600  15432.50    10.047
153700  15445.50    10.049
153800  15458.50    10.051
153900  15471.50    10.053
154000  15484.50    10.055
154100  15497.50    10.057
154200  15510.50    10.059
154300  15523.50    10.061
154400  15536.50    10.062
154500  15549.50    10.064
154600  15562.50    10.066
154700  15575.50    10.068
154800  15588.50    10.070
154900  15601.50    10.072
155000  15614.50    10.074
155100  15627.50    10.076
155200  15640.50    10.078
155300  15653.50    10.080
155400  15666.50    10.081
155500  15679.50    10.083
155600  15692.50    10.085
155700  15705.50    10.087
155800  15718.50    10.089
155900  15731.50    10.091
156000  15744.50    10.093
156100  15757.50    10.094
156200  15770.50    10.096
156300  15783.50    10.098
156400  15796.50    10.100
156500  15809.50    10.102
156600  15822.50    10.104
156700  15835.50    10.106
156800  15848.50    10.107
156900  15861.50    10.109
157000  15874.50    10.111
157100  15887.50    10.113
157200  15900.50    10.115
157300  15913.50    10.117
157400  15926.50    10.118
157500  15939.50    10.120
157600  15952.50    10.122
157700  15965.50    10.124
157800  15978.50    10.126
157900  15991.50    10.128
158000  16004.50    10.129
158100  16017.50    10.131
158200  16030.50    10.133
158300  16043.50    10.135
158400  16056.50    10.137
158500  16069.50    10.138
158600  16082.50    10.140
158700  16095.50    10.142
158800  16108.50    10.144
158900  16121.50    10.146
159000  16134.50    10.147
159100  16147.50    10.149
159200  16160.50    10.151
159300  16173.50    10.153
159400  16186.50    10.155
159500  16199.50    10.156
159600  16212.50    10.158
159700  16225.50    10.160
159800  16238.50    10.162
159900  16251.50    10.164
160000  16264.50    10.165
160100  16277.50    10.167
160200  16290.50    10.169
160300  16303.50    10.171
160400  16316.50    10.172
160500  16329.50    10.174
160600  16342.50    10.176
160700  16355.50    10.178
160800  16368.50    10.179
160900  16381.50    10.181
161000  16394.50    10.183
161100  16407.50    10.185
161200  16420.50    10.186
161300  16433.50    10.188
161400  16446.50    10.190
161500  16459.50    10.192
161600  16472.50    10.193
161700  16485.50    10.195
161800  16498.50    10.197
161900  16511.50    10.199
162000  16525.00    10.201
162100  16538.50    10.203
162200  16552.00    10.205
162300  16565.50    10.207
162400  16579.00    10.209
162500  16592.50    10.211
162600  16606.00    10.213
162700  16619.50    10.215
162800  16633.00    10.217
162900  16646.50    10.219
163000  16660.00    10.221
163100  16673.50    10.223
163200  16687.00    10.225
163300  16700.50    10.227
163400  16714.00    10.229
163500  16727.50    10.231
163600  16741.00    10.233
163700  16754.50    10.235
163800  16768.00    10.237
163900  16781.50    10.239
164000  16795.00    10.241
164100  16808.50    10.243
164200  16822.00    10.245
164300  16835.50    10.247
164400  16849.00    10.249
164500  16862.50    10.251
164600  16876.00    10.253
164700  16889.50    10.255
164800  16903.00    10.257
164900  16916.50    10.259
165000  16930.00    10.261
165100  16943.50    10.263
165200  16957.00    10.265
165300  16970.50    10.266
165400  16984.00    10.268
165500  16997.50    10.270
165600  17011.00    10.272
165700  17024.50    10.274
165800  17038.00    10.276
165900  17051.50    10.278
166000  17065.00    10.280
166100  17078.50    10.282
166200  17092.00    10.284
166300  17105.50    10.286
166400  17119.00    10.288
166500  17132.50    10.290
166600  17146.00    10.292
166700  17159.50    10.294
166800  17173.00    10.296
166900  17186.50    10.297
167000  17200.00    10.299
167100  17213.50    10.301
167200  17227.00    10.303
167300  17240.50    10.305
167400  17254.00    10.307
167500  17267.50    10.309
167600  17281.00    10.311
167700  17294.50    10.313
167800  17308.00    10.315
167900  17321.50    10.317
168000  17335.00    10.318
168100  17348.50    10.320
168200  17362.00    10.322
168300  17375.50    10.324
168400  17389.00    10.326
168500  17402.50    10.328
168600  17416.00    10.330
168700  17429.50    10.332
168800  17443.00    10.334
168900  17456.50    10.335
169000  17470.00    10.337
169100  17483.50    10.339
169200  17497.00    10.341
169300  17510.50    10.343
169400  17524.00    10.345
169500  17537.50    10.347
169600  17551.00    10.348
169700  17564.50    10.350
169800  17578.00    10.352
169900  17591.50    10.354
170000  17605.00    10.356
170100  17618.50    10.358
170200  17632.00    10.360
170300  17645.50    10.361
170400  17659.00    10.363
170500  17672.50    10.365
170600  17686.00    10.367
170700  17699.50    10.369
170800  17713.00    10.371
170900  17726.50    10.372
171000  17740.00    10.374
171100  17753.50    10.376
171200  17767.00    10.378
171300  17780.50    10.380
171400  17794.00    10.382
171500  17807.50    10.383
171600  17821.00    10.385
171700  17834.50    10.387
171800  17848.00    10.389
171900  17861.50    10.391
172000  17875.00    10.392
172100  17888.50    10.394
172200  17902.00    10.396
172300  17915.50    10.398
172400  17929.00    10.400
172500  17942.50    10.401
172600  17956.00    10.403
172700  17969.50    10.405
172800  17983.00    10.407
172900  17996.50    10.409
173000  18010.00    10.410
173100  18023.50    10.412
173200  18037.00    10.414
173300  18050.50    10.416
173400  18064.00    10.418
173500  18077.50    10.419
173600  18091.00    10.421
173700  18104.50    10.423
173800  18118.00    10.425
173900  18131.50    10.426
174000  18145.00    10.428
174100  18158.50    10.430
174200  18172.00    10.432
174300  18185.50    10.433
174400  18199.00    10.435
174500  18212.50    10.437
174600  18226.00    10.439
174700  18239.50    10.440
174800  18253.00    10.442
174900  18266.50    10.444
175000  18280.00    10.446
175100  18293.50    10.447
175200  18307.00    10.449
175300  18320.50    10.451
175400  18334.00    10.453
175500  18347.50    10.454
175600  18361.00    10.456
175700  18374.50    10.458
175800  18388.00    10.460
175900  18401.50    10.461
176000  18415.00    10.463
176100  18428.50    10.465
176200  18442.00    10.467
176300  18455.50    10.468
176400  18469.00    10.470
176500  18482.50    10.472
176600  18496.00    10.473
176700  18509.50    10.475
176800  18523.00    10.477
176900  18536.50    10.479
177000  18550.00    10.480
177100  18563.50    10.482
177200  18577.00    10.484
177300  18590.50    10.485
177400  18604.00    10.487
177500  18617.50    10.489
177600  18631.00    10.490
177700  18644.50    10.492
177800  18658.00    10.494
177900  18671.50    10.496
178000  18685.00    10.497
178100  18698.50    10.499
178200  18712.00    10.501
178300  18725.50    10.502
178400  18739.00    10.504
178500  18752.50    10.506
178600  18766.00    10.507
178700  18779.50    10.509
178800  18793.00    10.511
178900  18806.50    10.512
179000  18820.00    10.514
179100  18833.50    10.516
179200  18847.00    10.517
179300  18860.50    10.519
179400  18874.00    10.521
179500  18887.50    10.522
179600  18901.00    10.524
179700  18914.50    10.526
179800  18928.00    10.527
179900  18941.50    10.529
180000  18955.00    10.531
180100  18968.50    10.532
180200  18982.00    10.534
180300  18995.50    10.535
180400  19009.00    10.537
180500  19022.50    10.539
180600  19036.00    10.540
180700  19049.50    10.542
180800  19063.00    10.544
180900  19076.50    10.545
181000  19090.00    10.547
181100  19103.50    10.549
181200  19117.00    10.550
181300  19130.50    10.552
181400  19144.00    10.553
181500  19157.50    10.555
181600  19171.00    10.557
181700  19184.50    10.558
181800  19198.00    10.560
181900  19211.50    10.562
182000  19225.00    10.563
182100  19238.50    10.565
182200  19252.00    10.566
182300  19265.50    10.568
182400  19279.00    10.570
182500  19292.50    10.571
182600  19306.00    10.573
182700  19319.50    10.574
182800  19333.00    10.576
182900  19346.50    10.578
183000  19360.00    10.579
183100  19373.50    10.581
183200  19387.00    10.582
183300  19400.50    10.584
183400  19414.00    10.586
183500  19427.50    10.587
183600  19441.00    10.589
183700  19454.50    10.590
183800  19468.00    10.592
183900  19481.50    10.594
184000  19495.00    10.595
184100  19508.50    10.597
184200  19522.00    10.598
184300  19535.50    10.600
184400  19549.00    10.601
184500  19562.50    10.603
184600  19576.00    10.605
184700  19589.50    10.606
184800  19603.00    10.608
184900  19616.50    10.609
185000  19630.00    10.611
185100  19643.50    10.612
185200  19657.00    10.614
185300  19670.50    10.615
185400  19684.00    10.617
185500  19697.50    10.619
185600  19711.00    10.620
185700  19724.50    10.622
185800  19738.00    10.623
185900  19751.50    10.625
186000  19765.00    10.626
186100  19778.50    10.628
186200  19792.00    10.629
186300  19805.50    10.631
186400  19819.00    10.633
186500  19832.50    10.634
186600  19846.00    10.636
186700  19859.50    10.637
186800  19873.00    10.639
186900  19886.50    10.640
187000  19900.00    10.642
187100  19913.50    10.643
187200  19927.00    10.645
187300  19940.50    10.646
187400  19954.00    10.648
187500  19967.50    10.649
187600  19981.00    10.651
187700  19994.50    10.652
187800  20008.00    10.654
187900  20021.50    10.655
188000  20035.00    10.657
188100  20048.50    10.658
188200  20062.00    10.660
188300  20075.50    10.661
188400  20089.00    10.663
188500  20102.50    10.664
188600  20116.00    10.666
188700  20129.50    10.667
188800  20143.00    10.669
188900  20156.50    10.670
189000  20170.00    10.672
189100  20183.50    10.673
189200  20197.00    10.675
189300  20210.50    10.676
189400  20224.00    10.678
189500  20237.50    10.679
189600  20251.00    10.681
189700  20264.50    10.682
189800  20278.00    10.684
189900  20291.50    10.685
190000  20305.00    10.687
190100  20318.50    10.688
190200  20332.00    10.690
190300  20345.50    10.691
190400  20359.00    10.693
190500  20372.50    10.694
190600  20386.00    10.696
190700  20399.50    10.697
190800  20413.00    10.699
190900  20426.50    10.700
191000  20440.00    10.702
191100  20453.50    10.703
191200  20467.00    10.704
191300  20480.50    10.706
191400  20494.00    10.707
191500  20507.50    10.709
191600  20521.00    10.710
191700  20534.50    10.712
191800  20548.00    10.713
191900  20561.50    10.715
192000  20575.00    10.716
192100  20588.50    10.718
192200  20602.00    10.719
192300  20615.50    10.720
192400  20629.50    10.722
192500  20643.50    10.724
192600  20657.50    10.726
192700  20671.50    10.727
192800  20685.50    10.729
192900  20699.50    10.731
193000  20713.50    10.732
193100  20727.50    10.734
193200  20741.50    10.736
193300  20755.50    10.737
193400  20769.50    10.739
193500  20783.50    10.741
193600  20797.50    10.743
193700  20811.50    10.744
193800  20825.50    10.746
193900  20839.50    10.748
194000  20853.50    10.749
194100  20867.50    10.751
194200  20881.50    10.753
194300  20895.50    10.754
194400  20909.50    10.756
194500  20923.50    10.758
194600  20937.50    10.759
194700  20951.50    10.761
194800  20965.50    10.763
194900  20979.50    10.764
195000  20993.50    10.766
195100  21007.50    10.768
195200  21021.50    10.769
195300  21035.50    10.771
195400  21049.50    10.773
195500  21063.50    10.774
195600  21077.50    10.776
195700  21091.50    10.777
195800  21105.50    10.779
195900  21119.50    10.781
196000  21133.50    10.782
196100  21147.50    10.784
196200  21161.50    10.786
196300  21175.50    10.787
196400  21189.50    10.789
196500  21203.50    10.791
196600  21217.50    10.792
196700  21231.50    10.794
196800  21245.50    10.795
196900  21259.50    10.797
197000  21273.50    10.799
197100  21287.50    10.800
197200  21301.50    10.802
197300  21315.50    10.804
197400  21329.50    10.805
197500  21343.50    10.807
197600  21357.50    10.808
197700  21371.50    10.810
197800  21385.50    10.812
197900  21399.50    10.813
198000  21413.50    10.815
198100  21427.50    10.817
198200  21441.50    10.818
198300  21455.50    10.820
198400  21469.50    10.821
198500  21483.50    10.823
198600  21497.50    10.825
198700  21511.50    10.826
198800  21525.50    10.828
198900  21539.50    10.829
199000  21553.50    10.831
199100  21567.50    10.832
199200  21581.50    10.834
199300  21595.50    10.836
199400  21609.50    10.837
199500  21623.50    10.839
199600  21637.50    10.840
199700  21651.50    10.842
199800  21665.50    10.844
199900  21679.50    10.845
200000  21693.50    10.847
200100  21707.50    10.848
200200  21721.50    10.850
200300  21735.50    10.851
200400  21749.50    10.853
200500  21763.50    10.855
200600  21777.50    10.856
200700  21791.50    10.858
200800  21805.50    10.859
200900  21819.50    10.861
201000  21833.50    10.862
201100  21847.50    10.864
201200  21861.50    10.866
201300  21875.50    10.867
201400  21889.50    10.869
201500  21903.50    10.870
201600  21917.50    10.872
201700  21931.50    10.873
201800  21945.50    10.875
201900  21959.50    10.876
202000  21973.50    10.878
202100  21987.50    10.880
202200  22001.50    10.881
202300  22015.50    10.883
202400  22029.50    10.884
202500  22043.50    10.886
202600  22057.50    10.887
202700  22071.50    10.889
202800  22085.50    10.890
202900  22099.50    10.892
203000  22113.50    10.893
203100  22127.50    10.895
203200  22141.50    10.896
203300  22155.50    10.898
203400  22169.50    10.899
203500  22183.50    10.901
203600  22197.50    10.903
203700  22211.50    10.904
203800  22225.50    10.906
203900  22239.50    10.907
204000  22253.50    10.909
204100  22267.50    10.910
204200  22281.50    10.912
204300  22295.50    10.913
204400  22309.50    10.915
204500  22323.50    10.916
204600  22337.50    10.918
204700  22351.50    10.919
204800  22365.50    10.921
204900  22379.50    10.922
205000  22393.50    10.924
205100  22407.50    10.925
205200  22421.50    10.927
205300  22435.50    10.928
205400  22449.50    10.930
205500  22463.50    10.931
205600  22477.50    10.933
205700  22491.50    10.934
205800  22505.50    10.936
205900  22519.50    10.937
206000  22533.50    10.939
206100  22547.50    10.940
206200  22561.50    10.942
206300  22575.50    10.943
206400  22589.50    10.945
206500  22603.50    10.946
206600  22617.50    10.947
206700  22631.50    10.949
206800  22645.50    10.950
206900  22659.50    10.952
207000  22673.50    10.953
207100  22687.50    10.955
207200  22701.50    10.956
207300  22715.50    10.958
207400  22729.50    10.959
207500  22743.50    10.961
207600  22757.50    10.962
207700  22771.50    10.964
207800  22785.50    10.965
207900  22799.50    10.967
208000  22813.50    10.968
208100  22827.50    10.969
208200  22841.50    10.971
208300  22855.50    10.972
208400  22869.50    10.974
208500  22883.50    10.975
208600  22897.50    10.977
208700  22911.50    10.978
208800  22925.50    10.980
208900  22939.50    10.981
209000  22953.50    10.983
209100  22967.50    10.984
209200  22981.50    10.985
209300  22995.50    10.987
209400  23009.50    10.988
209500  23023.50    10.990
209600  23037.50    10.991
209700  23051.50    10.993
209800  23065.50    10.994
209900  23079.50    10.995
210000  23093.50    10.997
210100  23107.50    10.998
210200  23121.50    11.000
210300  23135.50    11.001
210400  23149.50    11.003
210500  23163.50    11.004
210600  23177.50    11.005
210700  23191.50    11.007
210800  23205.50    11.008
210900  23219.50    11.010
211000  23233.50    11.011
211100  23247.50    11.013
211200  23261.50    11.014
211300  23275.50    11.015
211400  23289.50    11.017
211500  23303.50    11.018
211600  23317.50    11.020
211700  23331.50    11.021
211800  23345.50    11.022
211900  23359.50    11.024
212000  23373.50    11.025
212100  23387.50    11.027
212200  23401.50    11.028
212300  23415.50    11.029
212400  23429.50    11.031
212500  23443.50    11.032
212600  23457.50    11.034
212700  23471.50    11.035
212800  23485.50    11.036
212900  23499.50    11.038
213000  23513.50    11.039
213100  23527.50    11.041
213200  23541.50    11.042
213300  23555.50    11.043
213400  23569.50    11.045
213500  23583.50    11.046
213600  23597.50    11.048
213700  23611.50    11.049
213800  23625.50    11.050
213900  23639.50    11.052
214000  23653.50    11.053
214100  23667.50    11.054
214200  23681.50    11.056
214300  23695.50    11.057
214400  23709.50    11.059
214500  23723.50    11.060
214600  23737.50    11.061
214700  23751.50    11.063
214800  23765.50    11.064
214900  23779.50    11.065
215000  23793.50    11.067
215100  23807.50    11.068
215200  23821.50    11.069
215300  23835.50    11.071
215400  23849.50    11.072
215500  23863.50    11.074
215600  23877.50    11.075
215700  23891.50    11.076
215800  23905.50    11.078
215900  23919.50    11.079
216000  23933.50    11.080
216100  23947.50    11.082
216200  23961.50    11.083
216300  23975.50    11.084
216400  23989.50    11.086
216500  24003.50    11.087
216600  24017.50    11.088
216700  24031.50    11.090
216800  24045.50    11.091
216900  24059.50    11.092
217000  24073.50    11.094
217100  24087.50    11.095
217200  24101.50    11.096
217300  24115.50    11.098
217400  24129.50    11.099
217500  24143.50    11.100
217600  24157.50    11.102
217700  24171.50    11.103
217800  24185.50    11.104
217900  24199.50    11.106
218000  24213.50    11.107
218100  24227.50    11.108
218200  24241.50    11.110
218300  24255.50    11.111
218400  24269.50    11.112
218500  24283.50    11.114
218600  24297.50    11.115
218700  24311.50    11.116
218800  24325.50    11.118
218900  24339.50    11.119
219000  24353.50    11.120
219100  24367.50    11.122
219200  24381.50    11.123
219300  24395.50    11.124
219400  24409.50    11.126
219500  24423.50    11.127
219600  24437.50    11.128
219700  24451.50    11.129
219800  24465.50    11.131
219900  24479.50    11.132
220000  24493.50    11.133
220100  24507.50    11.135
220200  24521.50    11.136
220300  24535.50    11.137
220400  24549.50    11.139
220500  24563.50    11.140
220600  24577.50    11.141
220700  24591.50    11.143
220800  24605.50    11.144
220900  24619.50    11.145
221000  24633.50    11.146
221100  24647.50    11.148
221200  24661.50    11.149
221300  24675.50    11.150
221400  24689.50    11.152
221500  24703.50    11.153
221600  24717.50    11.154
221700  24731.50    11.155
221800  24745.50    11.157
221900  24759.50    11.158
222000  24773.50    11.159
222100  24787.50    11.161
222200  24801.50    11.162
222300  24815.50    11.163
222400  24829.50    11.164
222500  24843.50    11.166
222600  24857.50    11.167
222700  24871.50    11.168
222800  24885.50    11.169
222900  24900.00    11.171
223000  24914.50    11.172
223100  24929.00    11.174
223200  24943.50    11.175
223300  24958.00    11.177
223400  24972.50    11.178
223500  24987.00    11.180
223600  25001.50    11.181
223700  25016.00    11.183
223800  25030.50    11.184
223900  25045.00    11.186
224000  25059.50    11.187
224100  25074.00    11.189
224200  25088.50    11.190
224300  25103.00    11.192
224400  25117.50    11.193
224500  25132.00    11.195
224600  25146.50    11.196
224700  25161.00    11.198
224800  25175.50    11.199
224900  25190.00    11.201
225000  25204.50    11.202
225100  25219.00    11.203
225200  25233.50    11.205
225300  25248.00    11.206
225400  25262.50    11.208
225500  25277.00    11.209
225600  25291.50    11.211
225700  25306.00    11.212
225800  25320.50    11.214
225900  25335.00    11.215
226000  25349.50    11.217
226100  25364.00    11.218
226200  25378.50    11.219
226300  25393.00    11.221
226400  25407.50    11.222
226500  25422.00    11.224
226600  25436.50    11.225
226700  25451.00    11.227
226800  25465.50    11.228
226900  25480.00    11.230
227000  25494.50    11.231
227100  25509.00    11.232
227200  25523.50    11.234
227300  25538.00    11.235
227400  25552.50    11.237
227500  25567.00    11.238
227600  25581.50    11.240
227700  25596.00    11.241
227800  25610.50    11.243
227900  25625.00    11.244
228000  25639.50    11.245
228100  25654.00    11.247
228200  25668.50    11.248
228300  25683.00    11.250
228400  25697.50    11.251
228500  25712.00    11.253
228600  25726.50    11.254
228700  25741.00    11.255
228800  25755.50    11.257
228900  25770.00    11.258
229000  25784.50    11.260
229100  25799.00    11.261
229200  25813.50    11.262
229300  25828.00    11.264
229400  25842.50    11.265
229500  25857.00    11.267
229600  25871.50    11.268
229700  25886.00    11.269
229800  25900.50    11.271
229900  25915.00    11.272
230000  25929.50    11.274
230100  25944.00    11.275
230200  25958.50    11.276
230300  25973.00    11.278
230400  25987.50    11.279
230500  26002.00    11.281
230600  26016.50    11.282
230700  26031.00    11.283
230800  26045.50    11.285
230900  26060.00    11.286
231000  26074.50    11.288
231100  26089.00    11.289
231200  26103.50    11.290
231300  26118.00    11.292
231400  26132.50    11.293
231500  26147.00    11.295
231600  26161.50    11.296
231700  26176.00    11.297
231800  26190.50    11.299
231900  26205.00    11.300
232000  26219.50    11.302
232100  26234.00    11.303
232200  26248.50    11.304
232300  26263.00    11.306
232400  26277.50    11.307
232500  26292.00    11.308
232600  26306.50    11.310
232700  26321.00    11.311
232800  26335.50    11.312
232900  26350.00    11.314
233000  26364.50    11.315
233100  26379.00    11.317
233200  26393.50    11.318
233300  26408.00    11.319
233400  26422.50    11.321
233500  26437.00    11.322
233600  26451.50    11.323
233700  26466.00    11.325
233800  26480.50    11.326
233900  26495.00    11.327
234000  26509.50    11.329
234100  26524.00    11.330
234200  26538.50    11.332
234300  26553.00    11.333
234400  26567.50    11.334
234500  26582.00    11.336
234600  26596.50    11.337
234700  26611.00    11.338
234800  26625.50    11.340
234900  26640.00    11.341
235000  26654.50    11.342
235100  26669.00    11.344
235200  26683.50    11.345
235300  26698.00    11.346
235400  26712.50    11.348
235500  26727.00    11.349
235600  26741.50    11.350
235700  26756.00    11.352
235800  26770.50    11.353
235900  26785.00    11.354
236000  26799.50    11.356
236100  26814.00    11.357
236200  26828.50    11.358
236300  26843.00    11.360
236400  26857.50    11.361
236500  26872.00    11.362
236600  26886.50    11.364
236700  26901.00    11.365
236800  26915.50    11.366
236900  26930.00    11.368
237000  26944.50    11.369
237100  26959.00    11.370
237200  26973.50    11.372
237300  26988.00    11.373
237400  27002.50    11.374
237500  27017.00    11.376
237600  27031.50    11.377
237700  27046.00    11.378
237800  27060.50    11.380
237900  27075.00    11.381
238000  27089.50    11.382
238100  27104.00    11.383
238200  27118.50    11.385
238300  27133.00    11.386
238400  27147.50    11.387
238500  27162.00    11.389
238600  27176.50    11.390
238700  27191.00    11.391
238800  27205.50    11.393
238900  27220.00    11.394
239000  27234.50    11.395
239100  27249.00    11.396
239200  27263.50    11.398
239300  27278.00    11.399
239400  27292.50    11.400
239500  27307.00    11.402
239600  27321.50    11.403
239700  27336.00    11.404
239800  27350.50    11.406
239900  27365.00    11.407
240000  27379.50    11.408
240100  27394.00    11.409
240200  27408.50    11.411
240300  27423.00    11.412
240400  27437.50    11.413
240500  27452.00    11.415
240600  27466.50    11.416
240700  27481.00    11.417
240800  27495.50    11.418
240900  27510.00    11.420
241000  27524.50    11.421
241100  27539.00    11.422
241200  27553.50    11.424
241300  27568.00    11.425
241400  27582.50    11.426
241500  27597.00    11.427
241600  27611.50    11.429
241700  27626.00    11.430
241800  27640.50    11.431
241900  27655.00    11.432
242000  27669.50    11.434
242100  27684.00    11.435
242200  27698.50    11.436
242300  27713.00    11.437
242400  27727.50    11.439
242500  27742.00    11.440
242600  27756.50    11.441
242700  27771.00    11.443
242800  27785.50    11.444
242900  27800.00    11.445
243000  27814.50    11.446
243100  27829.00    11.448
243200  27843.50    11.449
243300  27858.00    11.450
243400  27872.50    11.451
243500  27887.00    11.453
243600  27901.50    11.454
243700  27916.00    11.455
243800  27930.50    11.456
243900  27945.00    11.458
244000  27959.50    11.459
244100  27974.00    11.460
244200  27988.50    11.461
244300  28003.00    11.463
244400  28017.50    11.464
244500  28032.00    11.465
244600  28046.50    11.466
244700  28061.00    11.468
244800  28075.50    11.469
244900  28090.00    11.470
245000  28104.50    11.471
245100  28119.00    11.472
245200  28133.50    11.474
245300  28148.00    11.475
245400  28162.50    11.476
245500  28177.00    11.477
245600  28191.50    11.479
245700  28206.00    11.480
245800  28220.50    11.481
245900  28235.00    11.482
246000  28249.50    11.484
246100  28264.00    11.485
246200  28278.50    11.486
246300  28293.00    11.487
246400  28307.50    11.488
246500  28322.00    11.490
246600  28336.50    11.491
246700  28351.00    11.492
246800  28365.50    11.493
246900  28380.00    11.495
247000  28394.50    11.496
247100  28409.00    11.497
247200  28423.50    11.498
247300  28438.00    11.499
247400  28452.50    11.501
247500  28467.00    11.502
247600  28481.50    11.503
247700  28496.00    11.504
247800  28510.50    11.505
247900  28525.00    11.507
248000  28539.50    11.508
248100  28554.00    11.509
248200  28568.50    11.510
248300  28583.00    11.511
248400  28597.50    11.513
248500  28612.00    11.514
248600  28626.50    11.515
248700  28641.00    11.516
248800  28655.50    11.517
248900  28670.00    11.519
249000  28684.50    11.520
249100  28699.00    11.521
249200  28713.50    11.522
249300  28728.00    11.523
249400  28742.50    11.525
249500  28757.00    11.526
249600  28771.50    11.527
249700  28786.00    11.528
249800  28800.50    11.529
249900  28815.00    11.531
250000  28829.50    11.532
250100  28844.00    11.533
250200  28858.50    11.534
250300  28873.00    11.535
250400  28887.50    11.537
250500  28902.00    11.538
250600  28916.50    11.539
250700  28931.00    11.540
250800  28945.50    11.541
250900  28960.00    11.542
251000  28974.50    11.544
251100  28989.00    11.545
251200  29003.50    11.546
251300  29018.00    11.547
251400  29032.50    11.548
251500  29047.00    11.550
251600  29061.50    11.551
251700  29076.00    11.552
251800  29090.50    11.553
251900  29105.00    11.554
252000  29119.50    11.555
252100  29134.00    11.557
252200  29148.50    11.558
252300  29163.00    11.559
252400  29177.50    11.560
252500  29192.00    11.561
252600  29206.50    11.562
252700  29221.00    11.564
252800  29235.50    11.565
252900  29250.00    11.566
253000  29264.50    11.567
253100  29279.00    11.568
253200  29293.50    11.569
253300  29308.00    11.570
253400  29322.50    11.572
253500  29337.00    11.573
253600  29351.50    11.574
253700  29366.00    11.575
253800  29380.50    11.576
253900  29395.00    11.577
254000  29409.50    11.579
254100  29424.00    11.580
254200  29438.50    11.581
254300  29453.00    11.582
254400  29467.50    11.583
254500  29482.00    11.584
254600  29496.50    11.585
254700  29511.00    11.587
254800  29525.50    11.588
254900  29540.00    11.589
255000  29554.50    11.590
255100  29569.00    11.591
255200  29583.50    11.592
255300  29598.00    11.593
255400  29612.50    11.595
255500  29627.00    11.596
255600  29641.50    11.597
255700  29656.00    11.598
255800  29670.50    11.599
255900  29685.50    11.600
256000  29700.50    11.602
256100  29715.50    11.603
256200  29730.50    11.604
256300  29745.50    11.606
256400  29760.50    11.607
256500  29775.50    11.608
256600  29790.50    11.610
256700  29805.50    11.611
256800  29820.50    11.612
256900  29835.50    11.614
257000  29850.50    11.615
257100  29865.50    11.616
257200  29880.50    11.618
257300  29895.50    11.619
257400  29910.50    11.620
257500  29925.50    11.622
257600  29940.50    11.623
257700  29955.50    11.624
257800  29970.50    11.625
257900  29985.50    11.627
258000  30000.50    11.628
258100  30015.50    11.629
258200  30030.50    11.631
258300  30045.50    11.632
258400  30060.50    11.633
258500  30075.50    11.635
258600  30090.50    11.636
258700  30105.50    11.637
258800  30120.50    11.639
258900  30135.50    11.640
259000  30150.50    11.641
259100  30165.50    11.642
259200  30180.50    11.644
259300  30195.50    11.645
259400  30210.50    11.646
259500  30225.50    11.648
259600  30240.50    11.649
259700  30255.50    11.650
259800  30270.50    11.651
259900  30285.50    11.653
260000  30300.50    11.654
260100  30315.50    11.655
260200  30330.50    11.657
260300  30345.50    11.658
260400  30360.50    11.659
260500  30375.50    11.660
260600  30390.50    11.662
260700  30405.50    11.663
260800  30420.50    11.664
260900  30435.50    11.666
261000  30450.50    11.667
261100  30465.50    11.668
261200  30480.50    11.669
261300  30495.50    11.671
261400  30510.50    11.672
261500  30525.50    11.673
261600  30540.50    11.675
261700  30555.50    11.676
261800  30570.50    11.677
261900  30585.50    11.678
262000  30600.50    11.680
262100  30615.50    11.681
262200  30630.50    11.682
262300  30645.50    11.683
262400  30660.50    11.685
262500  30675.50    11.686
262600  30690.50    11.687
262700  30705.50    11.688
262800  30720.50    11.690
262900  30735.50    11.691
263000  30750.50    11.692
263100  30765.50    11.693
263200  30780.50    11.695
263300  30795.50    11.696
263400  30810.50    11.697
263500  30825.50    11.698
263600  30840.50    11.700
263700  30855.50    11.701
263800  30870.50    11.702
263900  30885.50    11.703
264000  30900.50    11.705
264100  30915.50    11.706
264200  30930.50    11.707
264300  30945.50    11.708
264400  30960.50    11.710
264500  30975.50    11.711
264600  30990.50    11.712
264700  31005.50    11.713
264800  31020.50    11.715
264900  31035.50    11.716
265000  31050.50    11.717
265100  31065.50    11.718
265200  31080.50    11.720
265300  31095.50    11.721
265400  31110.50    11.722
265500  31125.50    11.723
265600  31140.50    11.725
265700  31155.50    11.726
265800  31170.50    11.727
265900  31185.50    11.728
266000  31200.50    11.730
266100  31215.50    11.731
266200  31230.50    11.732
266300  31245.50    11.733
266400  31260.50    11.734
266500  31275.50    11.736
266600  31290.50    11.737
266700  31305.50    11.738
266800  31320.50    11.739
266900  31335.50    11.741
267000  31350.50    11.742
267100  31365.50    11.743
267200  31380.50    11.744
267300  31395.50    11.745
267400  31410.50    11.747
267500  31425.50    11.748
267600  31440.50    11.749
267700  31455.50    11.750
267800  31470.50    11.751
267900  31485.50    11.753
268000  31500.50    11.754
268100  31515.50    11.755
268200  31530.50    11.756
268300  31545.50    11.758
268400  31560.50    11.759
268500  31575.50    11.760
268600  31590.50    11.761
268700  31605.50    11.762
268800  31620.50    11.764
268900  31635.50    11.765
269000  31650.50    11.766
269100  31665.50    11.767
269200  31680.50    11.768
269300  31695.50    11.770
269400  31710.50    11.771
269500  31725.50    11.772
269600  31740.50    11.773
269700  31755.50    11.774
269800  31770.50    11.776
269900  31785.50    11.777
270000  31800.50    11.778
270100  31815.50    11.779
270200  31830.50    11.780
270300  31845.50    11.782
270400  31860.50    11.783
270500  31875.50    11.784
270600  31890.50    11.785
270700  31905.50    11.786
270800  31920.50    11.787
270900  31935.50    11.789
271000  31950.50    11.790
271100  31965.50    11.791
271200  31980.50    11.792
271300  31995.50    11.793
271400  32010.50    11.795
271500  32025.50    11.796
271600  32040.50    11.797
271700  32055.50    11.798
271800  32070.50    11.799
271900  32085.50    11.800
272000  32100.50    11.802
272100  32115.50    11.803
272200  32130.50    11.804
272300  32145.50    11.805
272400  32160.50    11.806
272500  32175.50    11.808
272600  32190.50    11.809
272700  32205.50    11.810
272800  32220.50    11.811
272900  32235.50    11.812
273000  32250.50    11.813
273100  32265.50    11.815
273200  32280.50    11.816
273300  32295.50    11.817
273400  32310.50    11.818
273500  32325.50    11.819
273600  32340.50    11.820
273700  32355.50    11.822
273800  32370.50    11.823
273900  32385.50    11.824
274000  32400.50    11.825
274100  32415.50    11.826
274200  32430.50    11.827
274300  32445.50    11.828
274400  32460.50    11.830
274500  32475.50    11.831
274600  32490.50    11.832
274700  32505.50    11.833
274800  32520.50    11.834
274900  32535.50    11.835
275000  32550.50    11.837
275100  32565.50    11.838
275200  32580.50    11.839
275300  32595.50    11.840
275400  32610.50    11.841
275500  32625.50    11.842
275600  32640.50    11.843
275700  32655.50    11.845
275800  32670.50    11.846
275900  32685.50    11.847
276000  32700.50    11.848
276100  32715.50    11.849
276200  32730.50    11.850
276300  32745.50    11.851
276400  32760.50    11.853
276500  32775.50    11.854
276600  32790.50    11.855
276700  32805.50    11.856
276800  32820.50    11.857
276900  32835.50    11.858
277000  32850.50    11.859
277100  32865.50    11.861
277200  32880.50    11.862
277300  32895.50    11.863
277400  32910.50    11.864
277500  32925.50    11.865
277600  32940.50    11.866
277700  32955.50    11.867
277800  32970.50    11.868
277900  32985.50    11.870
278000  33000.50    11.871
278100  33015.50    11.872
278200  33030.50    11.873
278300  33045.50    11.874
278400  33060.50    11.875
278500  33075.50    11.876
278600  33090.50    11.877
278700  33105.50    11.879
278800  33120.50    11.880
278900  33135.50    11.881
279000  33150.50    11.882
279100  33165.50    11.883
279200  33180.50    11.884
279300  33195.50    11.885
279400  33210.50    11.886
279500  33225.50    11.887
279600  33240.50    11.889
279700  33255.50    11.890
279800  33270.50    11.891
279900  33285.50    11.892
280000  33300.50    11.893
280100  33315.50    11.894
280200  33330.50    11.895
280300  33345.50    11.896
280400  33360.50    11.897
280500  33375.50    11.899
280600  33390.50    11.900
280700  33405.50    11.901
280800  33420.50    11.902
280900  33435.50    11.903
281000  33450.50    11.904
281100  33465.50    11.905
281200  33480.50    11.906
281300  33495.50    11.907
281400  33510.50    11.908
281500  33525.50    11.910
281600  33540.50    11.911
281700  33555.50    11.912
281800  33570.50    11.913
281900  33585.50    11.914
282000  33600.50    11.915
282100  33615.50    11.916
282200  33630.50    11.917
282300  33645.50    11.918
282400  33660.50    11.919
282500  33675.50    11.921
282600  33690.50    11.922
282700  33705.50    11.923
282800  33720.50    11.924
282900  33735.50    11.925
283000  33750.50    11.926
283100  33765.50    11.927
283200  33780.50    11.928
283300  33795.50    11.929
283400  33810.50    11.930
283500  33825.50    11.931
283600  33840.50    11.932
283700  33855.50    11.934
283800  33870.50    11.935
283900  33885.50    11.936
284000  33900.50    11.937
284100  33915.50    11.938
284200  33930.50    11.939
284300  33945.50    11.940
284400  33960.50    11.941
284500  33975.50    11.942
284600  33990.50    11.943
284700  34005.50    11.944
284800  34020.50    11.945
284900  34035.50    11.946
285000  34050.50    11.948
285100  34065.50    11.949
285200  34080.50    11.950
285300  34095.50    11.951
285400  34110.50    11.952
285500  34125.50    11.953
285600  34140.50    11.954
285700  34155.50    11.955
285800  34170.50    11.956
285900  34185.50    11.957
286000  34200.50    11.958
286100  34215.50    11.959
286200  34230.50    11.960
286300  34245.50    11.961
286400  34260.50    11.962
286500  34275.50    11.964
286600  34290.50    11.965
286700  34305.50    11.966
286800  34320.50    11.967
286900  34335.50    11.968
287000  34350.50    11.969
287100  34365.50    11.970
287200  34380.50    11.971
287300  34395.50    11.972
287400  34410.50    11.973
287500  34425.50    11.974
287600  34440.50    11.975
287700  34455.50    11.976
287800  34470.50    11.977
287900  34485.50    11.978
288000  34500.50    11.979
288100  34515.50    11.980
288200  34530.50    11.981
288300  34545.50    11.982
288400  34560.50    11.984
288500  34575.50    11.985
288600  34590.50    11.986
288700  34605.50    11.987
288800  34620.50    11.988
288900  34635.50    11.989
289000  34650.50    11.990
289100  34665.50    11.991
289200  34680.50    11.992
289300  34695.50    11.993
289400  34710.50    11.994
289500  34725.50    11.995
289600  34740.50    11.996
289700  34755.50    11.997
289800  34770.50    11.998
289900  34785.50    11.999
290000  34800.50    12.000
290100  34815.50    12.001
290200  34830.50    12.002
290300  34845.50    12.003
290400  34860.50    12.004
290500  34875.50    12.005
290600  34890.50    12.006
290700  34905.50    12.007
290800  34920.50    12.008
290900  34935.50    12.009
291000  34950.50    12.010
291100  34965.50    12.012
291200  34980.50    12.013
291300  34995.50    12.014
291400  35010.50    12.015
291500  35026.00    12.016
291600  35041.50    12.017
291700  35057.00    12.018
291800  35072.50    12.019
291900  35088.00    12.021
292000  35103.50    12.022
292100  35119.00    12.023
292200  35134.50    12.024
292300  35150.00    12.025
292400  35165.50    12.027
292500  35181.00    12.028
292600  35196.50    12.029
292700  35212.00    12.030
292800  35227.50    12.031
292900  35243.00    12.032
293000  35258.50    12.034
293100  35274.00    12.035
293200  35289.50    12.036
293300  35305.00    12.037
293400  35320.50    12.038
293500  35336.00    12.040
293600  35351.50    12.041
293700  35367.00    12.042
293800  35382.50    12.043
293900  35398.00    12.044
294000  35413.50    12.045
294100  35429.00    12.047
294200  35444.50    12.048
294300  35460.00    12.049
294400  35475.50    12.050
294500  35491.00    12.051
294600  35506.50    12.052
294700  35522.00    12.054
294800  35537.50    12.055
294900  35553.00    12.056
295000  35568.50    12.057
295100  35584.00    12.058
295200  35599.50    12.059
295300  35615.00    12.061
295400  35630.50    12.062
295500  35646.00    12.063
295600  35661.50    12.064
295700  35677.00    12.065
295800  35692.50    12.066
295900  35708.00    12.068
296000  35723.50    12.069
296100  35739.00    12.070
296200  35754.50    12.071
296300  35770.00    12.072
296400  35785.50    12.073
296500  35801.00    12.075
296600  35816.50    12.076
296700  35832.00    12.077
296800  35847.50    12.078
296900  35863.00    12.079
297000  35878.50    12.080
297100  35894.00    12.081
297200  35909.50    12.083
297300  35925.00    12.084
297400  35940.50    12.085
297500  35956.00    12.086
297600  35971.50    12.087
297700  35987.00    12.088
297800  36002.50    12.089
297900  36018.00    12.091
298000  36033.50    12.092
298100  36049.00    12.093
298200  36064.50    12.094
298300  36080.00    12.095
298400  36095.50    12.096
298500  36111.00    12.097
298600  36126.50    12.099
298700  36142.00    12.100
298800  36157.50    12.101
298900  36173.00    12.102
299000  36188.50    12.103
299100  36204.00    12.104
299200  36219.50    12.105
299300  36235.00    12.107
299400  36250.50    12.108
299500  36266.00    12.109
299600  36281.50    12.110
299700  36297.00    12.111
299800  36312.50    12.112
299900  36328.00    12.113
300000  36343.50    12.115
